ID	Correct	Predict	Error
dsgdb9nsd_000054	-65.17364501953125	-64.71286010742188	0.460784912109375
dsgdb9nsd_000055	-57.313438415527344	-57.311187744140625	0.00225067138671875
dsgdb9nsd_000081	-57.06208801269531	-57.15263748168945	0.09054946899414062
dsgdb9nsd_000083	-65.09649658203125	-64.9576187133789	0.13887786865234375
dsgdb9nsd_000084	-57.18622589111328	-57.22307205200195	0.036846160888671875
dsgdb9nsd_000085	-56.912696838378906	-56.91706466674805	0.004367828369140625
dsgdb9nsd_000086	-59.12381362915039	-58.8911018371582	0.2327117919921875
dsgdb9nsd_000095	-59.0859375	-59.22322082519531	0.1372833251953125
dsgdb9nsd_000100	-59.04408645629883	-59.00123977661133	0.0428466796875
dsgdb9nsd_000133	-65.0972900390625	-65.03134155273438	0.065948486328125
dsgdb9nsd_000134	-57.00709533691406	-56.9639778137207	0.043117523193359375
dsgdb9nsd_000135	-56.81871032714844	-56.74123001098633	0.07748031616210938
dsgdb9nsd_000136	-56.966522216796875	-56.89820098876953	0.06832122802734375
dsgdb9nsd_000149	-59.01417922973633	-58.79914093017578	0.21503829956054688
dsgdb9nsd_000159	-59.762630462646484	-59.91109848022461	0.148468017578125
dsgdb9nsd_000180	-57.8140754699707	-57.89869689941406	0.08462142944335938
dsgdb9nsd_000219	-65.1210708618164	-65.01359558105469	0.10747528076171875
dsgdb9nsd_000220	-61.65191650390625	-61.53377151489258	0.11814498901367188
dsgdb9nsd_000224	-64.08837127685547	-64.03692626953125	0.05144500732421875
dsgdb9nsd_000226	-69.10664367675781	-68.99214172363281	0.114501953125
dsgdb9nsd_000227	-61.241458892822266	-61.25993728637695	0.0184783935546875
dsgdb9nsd_000228	-77.09000396728516	-76.56787872314453	0.522125244140625
dsgdb9nsd_000229	-69.27519226074219	-69.2630844116211	0.01210784912109375
dsgdb9nsd_000230	-68.95039367675781	-68.76026153564453	0.19013214111328125
dsgdb9nsd_000233	-65.3839340209961	-65.36564636230469	0.01828765869140625
dsgdb9nsd_000250	-65.1092300415039	-65.03225708007812	0.07697296142578125
dsgdb9nsd_000251	-61.63395690917969	-61.596981048583984	0.036975860595703125
dsgdb9nsd_000255	-64.00218963623047	-63.96638870239258	0.035800933837890625
dsgdb9nsd_000256	-59.59038162231445	-59.486541748046875	0.10383987426757812
dsgdb9nsd_000259	-58.320316314697266	-58.31573486328125	0.004581451416015625
dsgdb9nsd_000261	-64.35186004638672	-64.33262634277344	0.01923370361328125
dsgdb9nsd_000262	-59.83395004272461	-59.84605026245117	0.0121002197265625
dsgdb9nsd_000263	-59.77471160888672	-59.79636764526367	0.021656036376953125
dsgdb9nsd_000272	-69.00386810302734	-68.93165588378906	0.07221221923828125
dsgdb9nsd_000273	-61.108150482177734	-61.0087776184082	0.09937286376953125
dsgdb9nsd_000274	-77.09561157226562	-76.96018981933594	0.1354217529296875
dsgdb9nsd_000275	-69.19437408447266	-69.19454956054688	0.00017547607421875
dsgdb9nsd_000276	-69.05891418457031	-69.04747009277344	0.011444091796875
dsgdb9nsd_000277	-68.87137603759766	-68.8519287109375	0.01944732666015625
dsgdb9nsd_000278	-60.957862854003906	-61.064476013183594	0.1066131591796875
dsgdb9nsd_000284	-64.32731628417969	-64.33904266357422	0.01172637939453125
dsgdb9nsd_000285	-59.851829528808594	-59.919189453125	0.06735992431640625
dsgdb9nsd_000289	-59.48039245605469	-59.44399642944336	0.036396026611328125
dsgdb9nsd_000291	-77.05123138427734	-76.76447296142578	0.2867584228515625
dsgdb9nsd_000292	-69.17211151123047	-69.22215270996094	0.05004119873046875
dsgdb9nsd_000293	-61.31588363647461	-61.24162673950195	0.07425689697265625
dsgdb9nsd_000294	-71.16110229492188	-71.05928802490234	0.10181427001953125
dsgdb9nsd_000295	-63.2808723449707	-63.35203552246094	0.07116317749023438
dsgdb9nsd_000296	-63.04908752441406	-63.02714538574219	0.021942138671875
dsgdb9nsd_000297	-63.31159591674805	-63.46208572387695	0.15048980712890625
dsgdb9nsd_000299	-63.152000427246094	-62.97311782836914	0.17888259887695312
dsgdb9nsd_000301	-71.15995788574219	-70.91413116455078	0.24582672119140625
dsgdb9nsd_000302	-63.20631408691406	-63.18182373046875	0.0244903564453125
dsgdb9nsd_000303	-63.38207244873047	-63.29621887207031	0.08585357666015625
dsgdb9nsd_000304	-65.63672637939453	-65.65782165527344	0.02109527587890625
dsgdb9nsd_000311	-71.19528198242188	-71.27713012695312	0.08184814453125
dsgdb9nsd_000312	-63.32574462890625	-63.38298416137695	0.057239532470703125
dsgdb9nsd_000313	-63.22489929199219	-63.33763122558594	0.11273193359375
dsgdb9nsd_000314	-57.66280746459961	-57.68705368041992	0.0242462158203125
dsgdb9nsd_000316	-64.54712677001953	-64.21680450439453	0.330322265625
dsgdb9nsd_000318	-58.740623474121094	-58.867916107177734	0.12729263305664062
dsgdb9nsd_000358	-64.37324523925781	-64.44532012939453	0.07207489013671875
dsgdb9nsd_000360	-59.71117401123047	-59.78857421875	0.07740020751953125
dsgdb9nsd_000368	-58.758419036865234	-58.882633209228516	0.12421417236328125
dsgdb9nsd_000371	-65.05500030517578	-64.94717407226562	0.10782623291015625
dsgdb9nsd_000372	-61.58160400390625	-61.469120025634766	0.11248397827148438
dsgdb9nsd_000385	-63.96703338623047	-63.93362045288086	0.033412933349609375
dsgdb9nsd_000387	-59.386104583740234	-59.37331008911133	0.01279449462890625
dsgdb9nsd_000390	-60.95663833618164	-61.07211685180664	0.115478515625
dsgdb9nsd_000391	-77.0537338256836	-76.90453338623047	0.149200439453125
dsgdb9nsd_000392	-69.02101135253906	-68.97380828857422	0.04720306396484375
dsgdb9nsd_000393	-68.9239730834961	-68.97335052490234	0.04937744140625
dsgdb9nsd_000394	-69.20101165771484	-69.18841552734375	0.01259613037109375
dsgdb9nsd_000395	-61.20107650756836	-61.178131103515625	0.022945404052734375
dsgdb9nsd_000396	-60.9083366394043	-61.01424789428711	0.1059112548828125
dsgdb9nsd_000411	-63.047943115234375	-62.98069381713867	0.06724929809570312
dsgdb9nsd_000412	-57.829368591308594	-57.81647491455078	0.0128936767578125
dsgdb9nsd_000414	-71.09709930419922	-70.59696960449219	0.5001296997070312
dsgdb9nsd_000415	-63.18206787109375	-63.08402633666992	0.09804153442382812
dsgdb9nsd_000416	-63.148597717285156	-62.93837356567383	0.21022415161132812
dsgdb9nsd_000417	-62.86369323730469	-62.71226119995117	0.15143203735351562
dsgdb9nsd_000432	-71.10186767578125	-71.11162567138672	0.00975799560546875
dsgdb9nsd_000433	-63.167728424072266	-63.374507904052734	0.20677947998046875
dsgdb9nsd_000434	-63.12576675415039	-63.12839889526367	0.00263214111328125
dsgdb9nsd_000456	-66.37246704101562	-66.44939422607422	0.07692718505859375
dsgdb9nsd_000459	-66.20204162597656	-66.21389770507812	0.0118560791015625
dsgdb9nsd_000462	-66.20661163330078	-66.40693664550781	0.20032501220703125
dsgdb9nsd_000466	-71.8349380493164	-72.01380920410156	0.17887115478515625
dsgdb9nsd_000467	-63.84600067138672	-63.92246627807617	0.07646560668945312
dsgdb9nsd_000468	-63.72251510620117	-63.763641357421875	0.041126251220703125
dsgdb9nsd_000471	-63.87122344970703	-64.00518798828125	0.13396453857421875
dsgdb9nsd_000473	-71.03013610839844	-70.85858154296875	0.1715545654296875
dsgdb9nsd_000474	-63.05999755859375	-63.021339416503906	0.03865814208984375
dsgdb9nsd_000475	-65.48091125488281	-65.41336059570312	0.0675506591796875
dsgdb9nsd_000478	-65.07848358154297	-65.01129150390625	0.06719207763671875
dsgdb9nsd_000517	-65.33889770507812	-65.35991668701172	0.02101898193359375
dsgdb9nsd_000520	-58.372344970703125	-58.597599029541016	0.22525405883789062
dsgdb9nsd_000522	-65.36934661865234	-65.22631072998047	0.143035888671875
dsgdb9nsd_000524	-58.53926086425781	-58.610355377197266	0.07109451293945312
dsgdb9nsd_000525	-65.06929016113281	-64.9183578491211	0.15093231201171875
dsgdb9nsd_000526	-61.5920524597168	-61.502769470214844	0.08928298950195312
dsgdb9nsd_000534	-63.97598648071289	-63.86812973022461	0.10785675048828125
dsgdb9nsd_000535	-59.503929138183594	-59.571407318115234	0.06747817993164062
dsgdb9nsd_000543	-77.1012954711914	-76.98456573486328	0.116729736328125
dsgdb9nsd_000544	-69.01333618164062	-68.95521545410156	0.0581207275390625
dsgdb9nsd_000545	-68.81776428222656	-68.64765930175781	0.17010498046875
dsgdb9nsd_000546	-68.9671859741211	-68.8764877319336	0.0906982421875
dsgdb9nsd_000547	-60.959224700927734	-60.996639251708984	0.03741455078125
dsgdb9nsd_000548	-60.70444107055664	-60.75844955444336	0.05400848388671875
dsgdb9nsd_000549	-60.489280700683594	-60.585723876953125	0.09644317626953125
dsgdb9nsd_000550	-60.92673110961914	-60.87382507324219	0.052906036376953125
dsgdb9nsd_000563	-71.08485412597656	-71.11004638671875	0.0251922607421875
dsgdb9nsd_000564	-63.102882385253906	-63.08361053466797	0.0192718505859375
dsgdb9nsd_000565	-62.943668365478516	-62.96711349487305	0.02344512939453125
dsgdb9nsd_000566	-62.901954650878906	-62.80796813964844	0.09398651123046875
dsgdb9nsd_000568	-63.00070571899414	-63.04301071166992	0.04230499267578125
dsgdb9nsd_000588	-71.01949310302734	-70.78524017333984	0.2342529296875
dsgdb9nsd_000589	-63.009464263916016	-63.05111312866211	0.04164886474609375
dsgdb9nsd_000590	-65.4953384399414	-65.49242401123047	0.0029144287109375
dsgdb9nsd_000591	-62.85895919799805	-62.66584014892578	0.19311904907226562
dsgdb9nsd_000592	-62.72758483886719	-62.777000427246094	0.04941558837890625
dsgdb9nsd_000593	-57.352542877197266	-57.322181701660156	0.030361175537109375
dsgdb9nsd_000595	-62.932376861572266	-62.98600387573242	0.05362701416015625
dsgdb9nsd_000597	-57.50895309448242	-57.43439865112305	0.074554443359375
dsgdb9nsd_000614	-62.9367561340332	-63.019866943359375	0.08311080932617188
dsgdb9nsd_000615	-57.75908279418945	-57.93221664428711	0.17313385009765625
dsgdb9nsd_000617	-71.04597473144531	-70.86788940429688	0.1780853271484375
dsgdb9nsd_000618	-63.028812408447266	-62.909629821777344	0.11918258666992188
dsgdb9nsd_000619	-65.45533752441406	-65.42684173583984	0.02849578857421875
dsgdb9nsd_000620	-63.17539978027344	-63.204898834228516	0.029499053955078125
dsgdb9nsd_000621	-65.548095703125	-65.66224670410156	0.1141510009765625
dsgdb9nsd_000622	-57.30976486206055	-57.26335144042969	0.046413421630859375
dsgdb9nsd_000623	-62.795040130615234	-62.86654281616211	0.071502685546875
dsgdb9nsd_000634	-71.05987548828125	-70.78643798828125	0.2734375
dsgdb9nsd_000635	-63.00149154663086	-62.92939376831055	0.0720977783203125
dsgdb9nsd_000636	-65.60181427001953	-65.48726654052734	0.1145477294921875
dsgdb9nsd_000637	-63.09624481201172	-63.0249137878418	0.07133102416992188
dsgdb9nsd_000638	-57.78256607055664	-57.86000442504883	0.0774383544921875
dsgdb9nsd_000640	-65.01388549804688	-65.04422760009766	0.03034210205078125
dsgdb9nsd_000648	-65.51998901367188	-65.34052276611328	0.17946624755859375
dsgdb9nsd_000651	-64.33811950683594	-64.23757934570312	0.1005401611328125
dsgdb9nsd_000656	-66.3213119506836	-66.31271362304688	0.00859832763671875
dsgdb9nsd_000658	-71.9904556274414	-71.87846374511719	0.11199188232421875
dsgdb9nsd_000659	-63.813289642333984	-63.80337142944336	0.009918212890625
dsgdb9nsd_000662	-64.9688491821289	-65.65229797363281	0.6834487915039062
dsgdb9nsd_000665	-64.92697143554688	-64.72188568115234	0.20508575439453125
dsgdb9nsd_000673	-65.84404754638672	-65.78263092041016	0.0614166259765625
dsgdb9nsd_000688	-64.96588134765625	-64.93934631347656	0.0265350341796875
dsgdb9nsd_000701	-64.92713165283203	-64.77023315429688	0.15689849853515625
dsgdb9nsd_000703	-59.316444396972656	-59.16022872924805	0.15621566772460938
dsgdb9nsd_000795	-61.7413330078125	-61.720340728759766	0.020992279052734375
dsgdb9nsd_000796	-69.8212661743164	-69.79695892333984	0.0243072509765625
dsgdb9nsd_000797	-61.502445220947266	-61.51469039916992	0.01224517822265625
dsgdb9nsd_000798	-62.65911865234375	-62.53485107421875	0.124267578125
dsgdb9nsd_000800	-69.81803131103516	-69.88986206054688	0.07183074951171875
dsgdb9nsd_000801	-61.844791412353516	-61.85050582885742	0.00571441650390625
dsgdb9nsd_000802	-63.8165283203125	-63.855712890625	0.0391845703125
dsgdb9nsd_000803	-58.17321014404297	-58.37541198730469	0.20220184326171875
dsgdb9nsd_000808	-69.7763442993164	-69.88972473144531	0.11338043212890625
dsgdb9nsd_000809	-61.77384948730469	-61.735923767089844	0.03792572021484375
dsgdb9nsd_000810	-63.814788818359375	-63.91865921020508	0.10387039184570312
dsgdb9nsd_000811	-58.39656066894531	-58.52713394165039	0.13057327270507812
dsgdb9nsd_000817	-64.59099578857422	-64.55609893798828	0.0348968505859375
dsgdb9nsd_000819	-63.764827728271484	-63.96235275268555	0.1975250244140625
dsgdb9nsd_000820	-58.454795837402344	-58.454002380371094	0.00079345703125
dsgdb9nsd_000832	-68.68290710449219	-68.5219497680664	0.16095733642578125
dsgdb9nsd_000833	-65.70562744140625	-65.72667694091797	0.02104949951171875
dsgdb9nsd_000834	-63.41508102416992	-63.41785430908203	0.002773284912109375
dsgdb9nsd_000838	-63.44593811035156	-63.46864318847656	0.022705078125
dsgdb9nsd_000844	-64.00159454345703	-63.93282699584961	0.06876754760742188
dsgdb9nsd_000861	-68.73580932617188	-68.57843017578125	0.157379150390625
dsgdb9nsd_000862	-65.81180572509766	-65.85135650634766	0.03955078125
dsgdb9nsd_000863	-63.49562454223633	-63.5698356628418	0.07421112060546875
dsgdb9nsd_000900	-68.41057586669922	-68.39151763916016	0.0190582275390625
dsgdb9nsd_000901	-63.14854431152344	-63.198360443115234	0.049816131591796875
dsgdb9nsd_000903	-63.67924880981445	-63.71022415161133	0.030975341796875
dsgdb9nsd_000930	-68.81730651855469	-68.83628845214844	0.01898193359375
dsgdb9nsd_000959	-68.65735626220703	-68.43106842041016	0.226287841796875
dsgdb9nsd_000960	-65.67922973632812	-65.60545349121094	0.0737762451171875
dsgdb9nsd_000961	-63.915008544921875	-63.78776931762695	0.12723922729492188
dsgdb9nsd_000963	-63.39151382446289	-63.438804626464844	0.047290802001953125
dsgdb9nsd_000966	-63.442237854003906	-63.50044631958008	0.058208465576171875
dsgdb9nsd_000986	-68.62657928466797	-68.40412902832031	0.22245025634765625
dsgdb9nsd_000987	-63.363651275634766	-63.28303909301758	0.0806121826171875
dsgdb9nsd_000989	-65.5922622680664	-65.43222045898438	0.16004180908203125
dsgdb9nsd_000995	-68.44684600830078	-68.383056640625	0.06378936767578125
dsgdb9nsd_000996	-63.2309684753418	-63.24008560180664	0.00911712646484375
dsgdb9nsd_000998	-63.694732666015625	-63.562164306640625	0.132568359375
dsgdb9nsd_001000	-63.649017333984375	-63.543846130371094	0.10517120361328125
dsgdb9nsd_001039	-68.5228500366211	-68.40113830566406	0.12171173095703125
dsgdb9nsd_001040	-65.53174591064453	-65.59449768066406	0.06275177001953125
dsgdb9nsd_001042	-63.76063537597656	-63.74214553833008	0.018489837646484375
dsgdb9nsd_001044	-63.08024215698242	-62.965415954589844	0.11482620239257812
dsgdb9nsd_001061	-68.4699478149414	-68.35335540771484	0.1165924072265625
dsgdb9nsd_001062	-63.72553253173828	-63.71648025512695	0.009052276611328125
dsgdb9nsd_001063	-65.41171264648438	-65.46458435058594	0.0528717041015625
dsgdb9nsd_001065	-63.047237396240234	-63.09384536743164	0.04660797119140625
dsgdb9nsd_001077	-68.3487777709961	-68.19551086425781	0.15326690673828125
dsgdb9nsd_001078	-63.52846908569336	-63.246055603027344	0.2824134826660156
dsgdb9nsd_001082	-77.42144012451172	-77.15890502929688	0.26253509521484375
dsgdb9nsd_001083	-69.42550659179688	-69.4302749633789	0.00476837158203125
dsgdb9nsd_001084	-77.14788055419922	-76.79866027832031	0.34922027587890625
dsgdb9nsd_001085	-73.67668914794922	-73.51768493652344	0.15900421142578125
dsgdb9nsd_001086	-69.24443817138672	-69.27434539794922	0.0299072265625
dsgdb9nsd_001087	-65.76358795166016	-65.89861297607422	0.1350250244140625
dsgdb9nsd_001088	-75.98176574707031	-75.82716369628906	0.15460205078125
dsgdb9nsd_001089	-71.615234375	-71.43629455566406	0.1789398193359375
dsgdb9nsd_001090	-68.7081069946289	-68.72383117675781	0.01572418212890625
dsgdb9nsd_001091	-68.17503356933594	-68.16761016845703	0.00742340087890625
dsgdb9nsd_001092	-80.99712371826172	-80.66242980957031	0.33469390869140625
dsgdb9nsd_001093	-73.19132232666016	-73.1087646484375	0.08255767822265625
dsgdb9nsd_001094	-89.0914535522461	-88.58361053466797	0.507843017578125
dsgdb9nsd_001095	-81.2808837890625	-81.2449722290039	0.03591156005859375
dsgdb9nsd_001096	-81.08959197998047	-80.95281219482422	0.13677978515625
dsgdb9nsd_001097	-80.91753387451172	-80.74189758300781	0.17563629150390625
dsgdb9nsd_001098	-73.03999328613281	-73.09230041503906	0.05230712890625
dsgdb9nsd_001099	-76.31132507324219	-76.10669708251953	0.20462799072265625
dsgdb9nsd_001100	-68.49928283691406	-68.44221496582031	0.05706787109375
dsgdb9nsd_001101	-71.83012390136719	-71.75772094726562	0.0724029541015625
dsgdb9nsd_001103	-63.762786865234375	-63.74665451049805	0.016132354736328125
dsgdb9nsd_001104	-89.00342559814453	-88.29952239990234	0.7039031982421875
dsgdb9nsd_001105	-81.2198257446289	-81.10985565185547	0.1099700927734375
dsgdb9nsd_001106	-81.1663818359375	-80.86835479736328	0.29802703857421875
dsgdb9nsd_001107	-73.35374450683594	-73.270751953125	0.0829925537109375
dsgdb9nsd_001108	-61.63240432739258	-61.70589828491211	0.07349395751953125
dsgdb9nsd_001112	-63.53543472290039	-63.50575256347656	0.029682159423828125
dsgdb9nsd_001120	-76.37720489501953	-76.38562774658203	0.0084228515625
dsgdb9nsd_001121	-71.87578582763672	-71.90800476074219	0.03221893310546875
dsgdb9nsd_001122	-71.8703384399414	-71.75838470458984	0.1119537353515625
dsgdb9nsd_001123	-67.09903717041016	-67.07109069824219	0.02794647216796875
dsgdb9nsd_001124	-69.1916275024414	-69.14763641357422	0.0439910888671875
dsgdb9nsd_001125	-64.49706268310547	-64.46016693115234	0.036895751953125
dsgdb9nsd_001127	-68.39617919921875	-68.22752380371094	0.1686553955078125
dsgdb9nsd_001128	-64.10037231445312	-64.00260162353516	0.09777069091796875
dsgdb9nsd_001130	-89.09415435791016	-88.83723449707031	0.25691986083984375
dsgdb9nsd_001131	-81.19405364990234	-81.20266723632812	0.00861358642578125
dsgdb9nsd_001132	-81.15432739257812	-81.1968002319336	0.04247283935546875
dsgdb9nsd_001133	-73.30097961425781	-73.26023864746094	0.040740966796875
dsgdb9nsd_001134	-65.55738067626953	-65.45772552490234	0.0996551513671875
dsgdb9nsd_001135	-70.4845199584961	-70.4133071899414	0.0712127685546875
dsgdb9nsd_001136	-66.07276153564453	-65.99436950683594	0.07839202880859375
dsgdb9nsd_001137	-63.499298095703125	-63.47966384887695	0.019634246826171875
dsgdb9nsd_001138	-62.577510833740234	-62.72979736328125	0.15228652954101562
dsgdb9nsd_001139	-75.2984619140625	-75.1771469116211	0.12131500244140625
dsgdb9nsd_001140	-67.4175796508789	-67.5435562133789	0.1259765625
dsgdb9nsd_001141	-83.26187896728516	-83.15789794921875	0.10398101806640625
dsgdb9nsd_001142	-75.50942993164062	-75.48881530761719	0.0206146240234375
dsgdb9nsd_001143	-75.41220092773438	-75.54242706298828	0.13022613525390625
dsgdb9nsd_001144	-69.8036880493164	-69.9594955444336	0.1558074951171875
dsgdb9nsd_001145	-83.15855407714844	-82.66450500488281	0.494049072265625
dsgdb9nsd_001146	-75.27848815917969	-75.09696960449219	0.1815185546875
dsgdb9nsd_001147	-75.4760971069336	-75.36910247802734	0.10699462890625
dsgdb9nsd_001148	-67.39667510986328	-67.28023529052734	0.1164398193359375
dsgdb9nsd_001149	-76.76934814453125	-76.23804473876953	0.5313034057617188
dsgdb9nsd_001150	-68.64543914794922	-68.55125427246094	0.09418487548828125
dsgdb9nsd_001151	-68.86264038085938	-68.64141845703125	0.221221923828125
dsgdb9nsd_001152	-60.8690185546875	-60.963523864746094	0.09450531005859375
dsgdb9nsd_001153	-64.9393539428711	-64.89120483398438	0.04814910888671875
dsgdb9nsd_001161	-63.99332046508789	-64.02447509765625	0.031154632568359375
dsgdb9nsd_001165	-62.9002685546875	-62.9383430480957	0.038074493408203125
dsgdb9nsd_001167	-69.05842590332031	-69.01264190673828	0.04578399658203125
dsgdb9nsd_001168	-65.57585144042969	-65.55532836914062	0.0205230712890625
dsgdb9nsd_001169	-63.061767578125	-62.92715072631836	0.13461685180664062
dsgdb9nsd_001170	-60.44887161254883	-60.278011322021484	0.17086029052734375
dsgdb9nsd_001171	-60.405635833740234	-60.387271881103516	0.01836395263671875
dsgdb9nsd_001172	-61.213623046875	-61.1224365234375	0.0911865234375
dsgdb9nsd_001174	-77.04328155517578	-76.7019271850586	0.3413543701171875
dsgdb9nsd_001175	-73.58027648925781	-73.27645874023438	0.3038177490234375
dsgdb9nsd_001176	-68.28548431396484	-68.160400390625	0.12508392333984375
dsgdb9nsd_001177	-69.15899658203125	-69.18914794921875	0.0301513671875
dsgdb9nsd_001178	-65.63615417480469	-65.69236755371094	0.05621337890625
dsgdb9nsd_001179	-68.04068756103516	-67.96440124511719	0.07628631591796875
dsgdb9nsd_001180	-68.73235321044922	-68.73898315429688	0.00662994384765625
dsgdb9nsd_001181	-65.21595764160156	-65.20654296875	0.0094146728515625
dsgdb9nsd_001182	-67.9956283569336	-67.92831420898438	0.06731414794921875
dsgdb9nsd_001183	-60.14342498779297	-60.156742095947266	0.013317108154296875
dsgdb9nsd_001184	-76.0116195678711	-75.80735778808594	0.20426177978515625
dsgdb9nsd_001185	-68.11811065673828	-68.17721557617188	0.05910491943359375
dsgdb9nsd_001186	-67.80740356445312	-67.8047103881836	0.00269317626953125
dsgdb9nsd_001187	-72.99594116210938	-73.03915405273438	0.043212890625
dsgdb9nsd_001188	-65.31497955322266	-65.2617416381836	0.0532379150390625
dsgdb9nsd_001189	-88.99793243408203	-88.338623046875	0.6593093872070312
dsgdb9nsd_001190	-81.0184326171875	-80.7541275024414	0.26430511474609375
dsgdb9nsd_001191	-80.9139175415039	-80.71034240722656	0.20357513427734375
dsgdb9nsd_001192	-81.23960876464844	-81.17491912841797	0.06468963623046875
dsgdb9nsd_001193	-73.27888488769531	-73.26701354980469	0.011871337890625
dsgdb9nsd_001194	-72.88356018066406	-72.88751220703125	0.0039520263671875
dsgdb9nsd_001195	-64.51716613769531	-64.49451446533203	0.02265167236328125
dsgdb9nsd_001197	-77.41180419921875	-77.21977996826172	0.19202423095703125
dsgdb9nsd_001198	-69.46346282958984	-69.41090393066406	0.05255889892578125
dsgdb9nsd_001207	-64.32489013671875	-64.416015625	0.09112548828125
dsgdb9nsd_001220	-63.21697998046875	-63.191837310791016	0.025142669677734375
dsgdb9nsd_001233	-65.5858154296875	-65.49718475341797	0.08863067626953125
dsgdb9nsd_001237	-64.17961120605469	-64.14175415039062	0.0378570556640625
dsgdb9nsd_001239	-77.06837463378906	-76.78947448730469	0.278900146484375
dsgdb9nsd_001240	-73.59307098388672	-73.46569061279297	0.12738037109375
dsgdb9nsd_001241	-68.09644317626953	-68.04353332519531	0.05290985107421875
dsgdb9nsd_001242	-68.84557342529297	-68.87596130371094	0.03038787841796875
dsgdb9nsd_001243	-65.29721069335938	-65.32770538330078	0.03049468994140625
dsgdb9nsd_001244	-69.1778564453125	-69.04353332519531	0.1343231201171875
dsgdb9nsd_001245	-65.70592498779297	-65.59657287597656	0.10935211181640625
dsgdb9nsd_001246	-67.92852783203125	-67.73289489746094	0.1956329345703125
dsgdb9nsd_001247	-75.97760009765625	-75.81713104248047	0.16046905517578125
dsgdb9nsd_001248	-71.53634643554688	-71.52291107177734	0.01343536376953125
dsgdb9nsd_001249	-68.59076690673828	-68.63440704345703	0.04364013671875
dsgdb9nsd_001250	-67.8553237915039	-67.81397247314453	0.041351318359375
dsgdb9nsd_001251	-68.08403778076172	-67.90425872802734	0.179779052734375
dsgdb9nsd_001252	-63.66041564941406	-63.643436431884766	0.016979217529296875
dsgdb9nsd_001253	-62.697731018066406	-62.64494705200195	0.052783966064453125
dsgdb9nsd_001254	-60.61883544921875	-60.59431838989258	0.024517059326171875
dsgdb9nsd_001255	-61.42081069946289	-61.44340896606445	0.0225982666015625
dsgdb9nsd_001260	-70.68933868408203	-70.79113006591797	0.1017913818359375
dsgdb9nsd_001262	-64.5149917602539	-64.59568786621094	0.08069610595703125
dsgdb9nsd_001266	-69.13518524169922	-69.18991088867188	0.05472564697265625
dsgdb9nsd_001267	-61.190086364746094	-61.19426727294922	0.004180908203125
dsgdb9nsd_001268	-77.36949157714844	-77.43248748779297	0.06299591064453125
dsgdb9nsd_001269	-69.35366821289062	-69.33938598632812	0.0142822265625
dsgdb9nsd_001270	-70.57061767578125	-70.73143005371094	0.1608123779296875
dsgdb9nsd_001271	-62.98614501953125	-62.92947006225586	0.056674957275390625
dsgdb9nsd_001272	-68.2528305053711	-68.23330688476562	0.01952362060546875
dsgdb9nsd_001273	-63.763031005859375	-63.81731033325195	0.054279327392578125
dsgdb9nsd_001274	-60.99323654174805	-60.982025146484375	0.011211395263671875
dsgdb9nsd_001275	-76.35592651367188	-76.33892059326172	0.01700592041015625
dsgdb9nsd_001276	-71.83880615234375	-71.87518310546875	0.036376953125
dsgdb9nsd_001277	-71.78500366210938	-71.74398040771484	0.04102325439453125
dsgdb9nsd_001278	-67.00028991699219	-67.00071716308594	0.00042724609375
dsgdb9nsd_001279	-69.04927825927734	-69.00606536865234	0.043212890625
dsgdb9nsd_001280	-64.34426879882812	-64.29342651367188	0.05084228515625
dsgdb9nsd_001282	-68.03418731689453	-68.10626983642578	0.07208251953125
dsgdb9nsd_001283	-63.47984313964844	-63.496055603027344	0.01621246337890625
dsgdb9nsd_001285	-68.06819915771484	-67.99148559570312	0.07671356201171875
dsgdb9nsd_001286	-63.56270217895508	-63.48957443237305	0.07312774658203125
dsgdb9nsd_001287	-63.734405517578125	-63.73539733886719	0.0009918212890625
dsgdb9nsd_001288	-58.981361389160156	-58.97182846069336	0.009532928466796875
dsgdb9nsd_001291	-81.01712799072266	-80.94552612304688	0.07160186767578125
dsgdb9nsd_001292	-73.06562805175781	-73.04471588134766	0.02091217041015625
dsgdb9nsd_001293	-73.10258483886719	-73.08638000488281	0.016204833984375
dsgdb9nsd_001294	-89.10332489013672	-88.89706420898438	0.20626068115234375
dsgdb9nsd_001295	-81.19963073730469	-81.08820343017578	0.11142730712890625
dsgdb9nsd_001296	-81.0618896484375	-81.00358581542969	0.0583038330078125
dsgdb9nsd_001297	-81.0222396850586	-80.92845153808594	0.09378814697265625
dsgdb9nsd_001298	-73.11077117919922	-73.154052734375	0.04328155517578125
dsgdb9nsd_001299	-80.81742095947266	-80.62738037109375	0.19004058837890625
dsgdb9nsd_001300	-72.9171371459961	-72.78643798828125	0.13069915771484375
dsgdb9nsd_001301	-70.49308776855469	-70.53963470458984	0.04654693603515625
dsgdb9nsd_001302	-65.97191619873047	-65.9141845703125	0.05773162841796875
dsgdb9nsd_001303	-65.32109832763672	-65.23428344726562	0.08681488037109375
dsgdb9nsd_001304	-63.254642486572266	-63.263248443603516	0.00860595703125
dsgdb9nsd_001305	-65.1298599243164	-65.14276885986328	0.012908935546875
dsgdb9nsd_001306	-62.47343063354492	-62.5279426574707	0.05451202392578125
dsgdb9nsd_001308	-62.53680419921875	-62.541648864746094	0.00484466552734375
dsgdb9nsd_001312	-75.29179382324219	-75.26409149169922	0.02770233154296875
dsgdb9nsd_001313	-67.34513854980469	-67.3715591430664	0.02642059326171875
dsgdb9nsd_001314	-67.43714141845703	-67.5297622680664	0.092620849609375
dsgdb9nsd_001315	-83.2177963256836	-82.93515014648438	0.28264617919921875
dsgdb9nsd_001316	-75.38494110107422	-75.28517150878906	0.09976959228515625
dsgdb9nsd_001317	-75.32080078125	-75.24256134033203	0.07823944091796875
dsgdb9nsd_001318	-75.23051452636719	-75.1456527709961	0.08486175537109375
dsgdb9nsd_001319	-67.3420639038086	-67.29255676269531	0.04950714111328125
dsgdb9nsd_001320	-71.24464416503906	-71.14784240722656	0.0968017578125
dsgdb9nsd_001321	-67.75924682617188	-67.71539306640625	0.043853759765625
dsgdb9nsd_001322	-65.90791320800781	-65.81092834472656	0.09698486328125
dsgdb9nsd_001323	-62.37552261352539	-62.3126220703125	0.06290054321289062
dsgdb9nsd_001324	-63.294612884521484	-63.338233947753906	0.043621063232421875
dsgdb9nsd_001326	-63.26176834106445	-63.16975784301758	0.092010498046875
dsgdb9nsd_001328	-70.184326171875	-70.02975463867188	0.154571533203125
dsgdb9nsd_001329	-65.22066497802734	-65.15011596679688	0.07054901123046875
dsgdb9nsd_001330	-64.87747192382812	-64.78915405273438	0.08831787109375
dsgdb9nsd_001331	-62.18134307861328	-62.24795913696289	0.06661605834960938
dsgdb9nsd_001332	-62.1817512512207	-62.048583984375	0.13316726684570312
dsgdb9nsd_001333	-75.0512466430664	-74.89988708496094	0.15135955810546875
dsgdb9nsd_001334	-69.91947174072266	-69.89176940917969	0.02770233154296875
dsgdb9nsd_001335	-67.30704498291016	-67.2662582397461	0.0407867431640625
dsgdb9nsd_001336	-67.08673858642578	-67.10053253173828	0.0137939453125
dsgdb9nsd_001337	-83.15997314453125	-82.76248168945312	0.397491455078125
dsgdb9nsd_001338	-75.20262145996094	-75.0019302368164	0.20069122314453125
dsgdb9nsd_001339	-75.38469696044922	-75.25062561035156	0.13407135009765625
dsgdb9nsd_001340	-77.72093200683594	-77.64089965820312	0.0800323486328125
dsgdb9nsd_001341	-74.91766357421875	-74.67134094238281	0.2463226318359375
dsgdb9nsd_001342	-66.93498229980469	-66.8276138305664	0.10736846923828125
dsgdb9nsd_001343	-78.2509765625	-77.98654174804688	0.264434814453125
dsgdb9nsd_001344	-65.8586654663086	-65.84674072265625	0.01192474365234375
dsgdb9nsd_001345	-70.36995697021484	-70.38107299804688	0.01111602783203125
dsgdb9nsd_001346	-78.2516860961914	-78.17081451416016	0.08087158203125
dsgdb9nsd_001347	-65.74797058105469	-65.78926849365234	0.04129791259765625
dsgdb9nsd_001348	-70.29869079589844	-70.25906372070312	0.0396270751953125
dsgdb9nsd_001349	-70.36724090576172	-70.38054656982422	0.0133056640625
dsgdb9nsd_001350	-83.84673309326172	-83.69359588623047	0.15313720703125
dsgdb9nsd_001351	-75.96614837646484	-76.01028442382812	0.04413604736328125
dsgdb9nsd_001352	-75.76277160644531	-75.77574920654297	0.01297760009765625
dsgdb9nsd_001353	-67.9645004272461	-68.01541137695312	0.05091094970703125
dsgdb9nsd_001354	-68.1077651977539	-68.06755828857422	0.0402069091796875
dsgdb9nsd_001355	-76.03335571289062	-76.16561889648438	0.13226318359375
dsgdb9nsd_001356	-67.85066986083984	-68.01869201660156	0.16802215576171875
dsgdb9nsd_001357	-67.15673065185547	-66.97198486328125	0.18474578857421875
dsgdb9nsd_001358	-59.17151641845703	-59.10311508178711	0.06840133666992188
dsgdb9nsd_001359	-83.14799499511719	-82.66159057617188	0.4864044189453125
dsgdb9nsd_001360	-75.20640563964844	-74.95793914794922	0.24846649169921875
dsgdb9nsd_001361	-75.18174743652344	-74.97181701660156	0.209930419921875
dsgdb9nsd_001362	-67.23052215576172	-67.12358856201172	0.10693359375
dsgdb9nsd_001363	-77.64859771728516	-77.66210174560547	0.0135040283203125
dsgdb9nsd_001387	-65.21290588378906	-65.25205993652344	0.039154052734375
dsgdb9nsd_001392	-64.24227905273438	-64.17031860351562	0.07196044921875
dsgdb9nsd_001394	-65.04487609863281	-64.98995208740234	0.05492401123046875
dsgdb9nsd_001405	-63.93626022338867	-63.9648551940918	0.028594970703125
dsgdb9nsd_001411	-63.919281005859375	-63.97743606567383	0.058155059814453125
dsgdb9nsd_001421	-62.830413818359375	-62.7490119934082	0.08140182495117188
dsgdb9nsd_001427	-61.17307662963867	-61.30484390258789	0.13176727294921875
dsgdb9nsd_001430	-61.05729293823242	-61.04513931274414	0.01215362548828125
dsgdb9nsd_001432	-64.55817413330078	-64.57585144042969	0.01767730712890625
dsgdb9nsd_001435	-64.21414184570312	-64.18046569824219	0.0336761474609375
dsgdb9nsd_001443	-61.330848693847656	-61.44657516479492	0.11572647094726562
dsgdb9nsd_001444	-63.18857192993164	-63.15519714355469	0.033374786376953125
dsgdb9nsd_001445	-61.523834228515625	-61.50400161743164	0.019832611083984375
dsgdb9nsd_001463	-69.32923126220703	-69.3524169921875	0.02318572998046875
dsgdb9nsd_001464	-61.404457092285156	-61.39839553833008	0.006061553955078125
dsgdb9nsd_001465	-77.3572769165039	-77.20195007324219	0.15532684326171875
dsgdb9nsd_001466	-69.38738250732422	-69.32298278808594	0.06439971923828125
dsgdb9nsd_001467	-69.02525329589844	-68.99842834472656	0.026824951171875
dsgdb9nsd_001468	-69.01861572265625	-69.02288055419922	0.00426483154296875
dsgdb9nsd_001469	-65.53617858886719	-65.58325958251953	0.04708099365234375
dsgdb9nsd_001470	-77.0732421875	-76.79374694824219	0.2794952392578125
dsgdb9nsd_001471	-73.60003662109375	-73.50224304199219	0.0977935791015625
dsgdb9nsd_001472	-69.12384033203125	-69.0625	0.06134033203125
dsgdb9nsd_001473	-65.63245391845703	-65.54692840576172	0.0855255126953125
dsgdb9nsd_001474	-67.8652572631836	-67.81132507324219	0.05393218994140625
dsgdb9nsd_001475	-68.85580444335938	-68.78641510009766	0.06938934326171875
dsgdb9nsd_001476	-65.38240814208984	-65.30630493164062	0.07610321044921875
dsgdb9nsd_001477	-61.2049674987793	-61.113731384277344	0.09123611450195312
dsgdb9nsd_001479	-67.92841339111328	-67.87708282470703	0.05133056640625
dsgdb9nsd_001480	-63.574920654296875	-63.60053253173828	0.02561187744140625
dsgdb9nsd_001481	-62.76336669921875	-62.76241683959961	0.000949859619140625
dsgdb9nsd_001482	-60.66438674926758	-60.72411346435547	0.059726715087890625
dsgdb9nsd_001483	-75.9662857055664	-75.8663101196289	0.0999755859375
dsgdb9nsd_001484	-71.58992767333984	-71.47500610351562	0.11492156982421875
dsgdb9nsd_001485	-68.71240234375	-68.73585510253906	0.0234527587890625
dsgdb9nsd_001486	-68.05013275146484	-67.91496276855469	0.13516998291015625
dsgdb9nsd_001487	-67.79183959960938	-67.73390197753906	0.0579376220703125
dsgdb9nsd_001488	-60.05604934692383	-59.92240905761719	0.13364028930664062
dsgdb9nsd_001490	-60.73794174194336	-60.794254302978516	0.05631256103515625
dsgdb9nsd_001491	-64.16099548339844	-64.20994567871094	0.0489501953125
dsgdb9nsd_001504	-63.02108383178711	-62.98159408569336	0.03948974609375
dsgdb9nsd_001505	-60.63127136230469	-60.657772064208984	0.026500701904296875
dsgdb9nsd_001511	-68.28572845458984	-68.28944396972656	0.00371551513671875
dsgdb9nsd_001512	-67.90000915527344	-67.93911743164062	0.0391082763671875
dsgdb9nsd_001513	-76.37298583984375	-76.39361572265625	0.0206298828125
dsgdb9nsd_001514	-68.10210418701172	-68.08917236328125	0.01293182373046875
dsgdb9nsd_001515	-71.71575164794922	-71.82096862792969	0.10521697998046875
dsgdb9nsd_001516	-68.92892456054688	-68.97541046142578	0.04648590087890625
dsgdb9nsd_001517	-71.78843688964844	-71.82672882080078	0.03829193115234375
dsgdb9nsd_001518	-63.486480712890625	-63.58349609375	0.097015380859375
dsgdb9nsd_001519	-66.83797454833984	-66.93116760253906	0.09319305419921875
dsgdb9nsd_001520	-64.16532135009766	-64.14295959472656	0.02236175537109375
dsgdb9nsd_001521	-71.10749816894531	-71.05945587158203	0.04804229736328125
dsgdb9nsd_001522	-63.01885223388672	-62.93931198120117	0.07954025268554688
dsgdb9nsd_001523	-63.14541244506836	-63.176231384277344	0.030818939208984375
dsgdb9nsd_001524	-69.07074737548828	-69.03477478027344	0.03597259521484375
dsgdb9nsd_001525	-63.769100189208984	-63.80112075805664	0.03202056884765625
dsgdb9nsd_001526	-60.79336929321289	-60.76614761352539	0.0272216796875
dsgdb9nsd_001527	-64.2249755859375	-64.23712921142578	0.01215362548828125
dsgdb9nsd_001528	-63.634674072265625	-63.67477798461914	0.040103912353515625
dsgdb9nsd_001529	-63.209415435791016	-63.21884536743164	0.009429931640625
dsgdb9nsd_001530	-63.414451599121094	-63.51369094848633	0.09923934936523438
dsgdb9nsd_001531	-62.84138107299805	-62.845726013183594	0.004344940185546875
dsgdb9nsd_001532	-60.83418655395508	-60.94253921508789	0.1083526611328125
dsgdb9nsd_001533	-62.44646072387695	-62.428157806396484	0.01830291748046875
dsgdb9nsd_001534	-59.60515594482422	-59.68629455566406	0.08113861083984375
dsgdb9nsd_001535	-60.443214416503906	-60.508949279785156	0.06573486328125
dsgdb9nsd_001536	-60.01615905761719	-60.07474136352539	0.058582305908203125
dsgdb9nsd_001537	-68.94674682617188	-68.91209411621094	0.0346527099609375
dsgdb9nsd_001538	-65.46211242675781	-65.48365020751953	0.02153778076171875
dsgdb9nsd_001539	-77.05552673339844	-76.91845703125	0.1370697021484375
dsgdb9nsd_001540	-73.58411407470703	-73.4594955444336	0.1246185302734375
dsgdb9nsd_001541	-68.3240966796875	-68.38328552246094	0.0591888427734375
dsgdb9nsd_001542	-69.06065368652344	-68.98992919921875	0.0707244873046875
dsgdb9nsd_001543	-65.51814270019531	-65.44225311279297	0.07588958740234375
dsgdb9nsd_001544	-68.09895324707031	-68.01762390136719	0.081329345703125
dsgdb9nsd_001545	-68.84791564941406	-68.9290542602539	0.08113861083984375
dsgdb9nsd_001546	-65.31501007080078	-65.38870239257812	0.07369232177734375
dsgdb9nsd_001547	-60.0678596496582	-59.95085525512695	0.11700439453125
dsgdb9nsd_001548	-68.8230972290039	-68.7811279296875	0.04196929931640625
dsgdb9nsd_001549	-65.3269271850586	-65.32756042480469	0.00063323974609375
dsgdb9nsd_001550	-59.984375	-59.91743087768555	0.06694412231445312
dsgdb9nsd_001551	-60.70387268066406	-60.7368049621582	0.032932281494140625
dsgdb9nsd_001553	-60.214473724365234	-60.16973876953125	0.044734954833984375
dsgdb9nsd_001554	-60.95856857299805	-60.987083435058594	0.028514862060546875
dsgdb9nsd_001556	-67.86688995361328	-67.83031463623047	0.0365753173828125
dsgdb9nsd_001557	-75.97036743164062	-75.85494232177734	0.11542510986328125
dsgdb9nsd_001558	-68.1609115600586	-68.12870788574219	0.03220367431640625
dsgdb9nsd_001559	-71.39471435546875	-71.30985260009766	0.08486175537109375
dsgdb9nsd_001560	-67.88675689697266	-67.9695053100586	0.0827484130859375
dsgdb9nsd_001561	-63.34136199951172	-63.228641510009766	0.11272048950195312
dsgdb9nsd_001562	-67.762451171875	-67.84131622314453	0.07886505126953125
dsgdb9nsd_001563	-59.84260177612305	-59.94895553588867	0.106353759765625
dsgdb9nsd_001564	-60.06704330444336	-60.12154769897461	0.05450439453125
dsgdb9nsd_001565	-72.94046020507812	-72.88883972167969	0.0516204833984375
dsgdb9nsd_001566	-80.96528625488281	-80.89698028564453	0.06830596923828125
dsgdb9nsd_001567	-80.83317565917969	-80.74217987060547	0.09099578857421875
dsgdb9nsd_001568	-73.11953735351562	-73.08761596679688	0.03192138671875
dsgdb9nsd_001569	-72.89928436279297	-72.89319610595703	0.0060882568359375
dsgdb9nsd_001570	-89.05638122558594	-88.87984466552734	0.17653656005859375
dsgdb9nsd_001571	-81.02975463867188	-80.99475860595703	0.03499603271484375
dsgdb9nsd_001572	-80.92906951904297	-80.9076919555664	0.0213775634765625
dsgdb9nsd_001573	-81.20523834228516	-81.17015075683594	0.03508758544921875
dsgdb9nsd_001574	-73.2073974609375	-73.1751480102539	0.03224945068359375
dsgdb9nsd_001575	-81.07353973388672	-81.05194854736328	0.0215911865234375
dsgdb9nsd_001576	-73.05782318115234	-73.09444427490234	0.03662109375
dsgdb9nsd_001577	-72.84960174560547	-72.82601165771484	0.023590087890625
dsgdb9nsd_001578	-72.76722717285156	-72.84651184082031	0.07928466796875
dsgdb9nsd_001579	-72.61854553222656	-72.74443817138672	0.12589263916015625
dsgdb9nsd_001580	-64.96730041503906	-64.97604370117188	0.0087432861328125
dsgdb9nsd_001581	-65.1174545288086	-65.05308532714844	0.06436920166015625
dsgdb9nsd_001592	-64.27493286132812	-64.41801452636719	0.1430816650390625
dsgdb9nsd_001602	-64.16851043701172	-64.21459197998047	0.04608154296875
dsgdb9nsd_001609	-63.015995025634766	-63.050418853759766	0.034423828125
dsgdb9nsd_001611	-60.25235366821289	-60.364044189453125	0.11169052124023438
dsgdb9nsd_001613	-67.856689453125	-67.8321762084961	0.02451324462890625
dsgdb9nsd_001614	-77.0697021484375	-76.89738464355469	0.1723175048828125
dsgdb9nsd_001615	-73.60613250732422	-73.48817443847656	0.11795806884765625
dsgdb9nsd_001616	-68.33375549316406	-68.4962387084961	0.16248321533203125
dsgdb9nsd_001617	-69.08759307861328	-69.06562805175781	0.02196502685546875
dsgdb9nsd_001618	-65.55625915527344	-65.6403579711914	0.08409881591796875
dsgdb9nsd_001619	-63.05352020263672	-62.9088249206543	0.14469528198242188
dsgdb9nsd_001620	-69.23799133300781	-69.22736358642578	0.01062774658203125
dsgdb9nsd_001621	-65.74064636230469	-65.73802185058594	0.00262451171875
dsgdb9nsd_001622	-60.35551071166992	-60.3195686340332	0.03594207763671875
dsgdb9nsd_001623	-61.09971618652344	-61.09093475341797	0.00878143310546875
dsgdb9nsd_001625	-75.97885131835938	-75.89199829101562	0.08685302734375
dsgdb9nsd_001626	-68.13636779785156	-68.14918518066406	0.0128173828125
dsgdb9nsd_001627	-71.4223861694336	-71.23358154296875	0.18880462646484375
dsgdb9nsd_001628	-68.07295989990234	-68.00785827636719	0.06510162353515625
dsgdb9nsd_001629	-60.2454948425293	-60.21474838256836	0.0307464599609375
dsgdb9nsd_001631	-63.231510162353516	-63.1807861328125	0.050724029541015625
dsgdb9nsd_001633	-61.297569274902344	-61.19975280761719	0.09781646728515625
dsgdb9nsd_001635	-61.21950149536133	-61.274139404296875	0.054637908935546875
dsgdb9nsd_001640	-61.07008361816406	-60.99296188354492	0.07712173461914062
dsgdb9nsd_001644	-63.420684814453125	-63.4649658203125	0.044281005859375
dsgdb9nsd_001647	-60.994625091552734	-60.969627380371094	0.024997711181640625
dsgdb9nsd_001656	-68.37359619140625	-68.3744888305664	0.00089263916015625
dsgdb9nsd_001657	-60.44939041137695	-60.3543815612793	0.09500885009765625
dsgdb9nsd_001658	-76.35730743408203	-76.37870025634766	0.021392822265625
dsgdb9nsd_001659	-68.50140380859375	-68.43367004394531	0.0677337646484375
dsgdb9nsd_001660	-71.49156188964844	-71.59601593017578	0.10445404052734375
dsgdb9nsd_001661	-63.546592712402344	-63.415164947509766	0.13142776489257812
dsgdb9nsd_001662	-71.73950958251953	-71.82018280029297	0.0806732177734375
dsgdb9nsd_001663	-63.87952423095703	-63.844886779785156	0.034637451171875
dsgdb9nsd_001664	-66.56199645996094	-66.63066101074219	0.06866455078125
dsgdb9nsd_001665	-68.93795776367188	-69.0972671508789	0.15930938720703125
dsgdb9nsd_001666	-63.65336990356445	-63.774871826171875	0.12150192260742188
dsgdb9nsd_001667	-61.027225494384766	-61.103572845458984	0.07634735107421875
dsgdb9nsd_001668	-63.91791915893555	-64.01306915283203	0.09514999389648438
dsgdb9nsd_001669	-60.48887252807617	-60.40166091918945	0.08721160888671875
dsgdb9nsd_001670	-61.86909103393555	-62.0390739440918	0.16998291015625
dsgdb9nsd_001671	-68.25941467285156	-68.27075958251953	0.01134490966796875
dsgdb9nsd_001672	-63.7817268371582	-63.85325241088867	0.07152557373046875
dsgdb9nsd_001673	-76.29096984863281	-76.27877807617188	0.0121917724609375
dsgdb9nsd_001674	-71.82166290283203	-71.907958984375	0.08629608154296875
dsgdb9nsd_001676	-68.50119018554688	-68.37935638427734	0.12183380126953125
dsgdb9nsd_001677	-64.01512145996094	-63.92831802368164	0.08680343627929688
dsgdb9nsd_001678	-71.52652740478516	-71.49296569824219	0.03356170654296875
dsgdb9nsd_001679	-66.78795623779297	-66.7432632446289	0.0446929931640625
dsgdb9nsd_001681	-68.07955169677734	-68.09761810302734	0.01806640625
dsgdb9nsd_001682	-63.68278503417969	-63.82040786743164	0.13762283325195312
dsgdb9nsd_001687	-80.9633560180664	-80.81537628173828	0.147979736328125
dsgdb9nsd_001688	-73.19319915771484	-73.1460952758789	0.0471038818359375
dsgdb9nsd_001689	-73.08255767822266	-73.11206817626953	0.029510498046875
dsgdb9nsd_001690	-65.28150939941406	-65.11443328857422	0.16707611083984375
dsgdb9nsd_001691	-88.98728942871094	-88.65151977539062	0.3357696533203125
dsgdb9nsd_001692	-81.13059997558594	-80.99189758300781	0.138702392578125
dsgdb9nsd_001693	-81.18121337890625	-81.12559509277344	0.0556182861328125
dsgdb9nsd_001694	-73.35395812988281	-73.2254409790039	0.12851715087890625
dsgdb9nsd_001695	-80.90572357177734	-80.8331069946289	0.0726165771484375
dsgdb9nsd_001696	-72.99321746826172	-72.96603393554688	0.02718353271484375
dsgdb9nsd_001697	-71.14055633544922	-71.16106414794922	0.0205078125
dsgdb9nsd_001698	-67.66329956054688	-67.6369400024414	0.02635955810546875
dsgdb9nsd_001699	-62.254295349121094	-62.18595886230469	0.06833648681640625
dsgdb9nsd_001700	-63.109657287597656	-63.149940490722656	0.040283203125
dsgdb9nsd_001702	-62.985355377197266	-62.90227127075195	0.0830841064453125
dsgdb9nsd_001704	-62.42061233520508	-62.57120895385742	0.15059661865234375
dsgdb9nsd_001707	-63.20160675048828	-63.35464859008789	0.15304183959960938
dsgdb9nsd_001712	-70.09784698486328	-70.11128234863281	0.01343536376953125
dsgdb9nsd_001713	-62.09178924560547	-62.102603912353516	0.010814666748046875
dsgdb9nsd_001714	-61.903106689453125	-61.98440170288086	0.08129501342773438
dsgdb9nsd_001715	-62.32313919067383	-62.33713150024414	0.0139923095703125
dsgdb9nsd_001717	-75.1025390625	-75.09998321533203	0.00255584716796875
dsgdb9nsd_001718	-67.29254150390625	-67.24897766113281	0.0435638427734375
dsgdb9nsd_001719	-66.98491668701172	-66.99580383300781	0.01088714599609375
dsgdb9nsd_001720	-83.11983489990234	-83.07172393798828	0.0481109619140625
dsgdb9nsd_001721	-75.25413513183594	-75.21971130371094	0.034423828125
dsgdb9nsd_001722	-75.006591796875	-74.95026397705078	0.05632781982421875
dsgdb9nsd_001723	-75.29280090332031	-75.22443389892578	0.06836700439453125
dsgdb9nsd_001724	-67.1561279296875	-67.14523315429688	0.010894775390625
dsgdb9nsd_001725	-75.00348663330078	-74.84994506835938	0.15354156494140625
dsgdb9nsd_001726	-66.82352447509766	-66.78295135498047	0.0405731201171875
dsgdb9nsd_001727	-67.32500457763672	-67.35508728027344	0.03008270263671875
dsgdb9nsd_001728	-59.150917053222656	-59.190494537353516	0.039577484130859375
dsgdb9nsd_001729	-71.41729736328125	-71.43321228027344	0.0159149169921875
dsgdb9nsd_001730	-66.1085205078125	-66.11512756347656	0.0066070556640625
dsgdb9nsd_001731	-63.38917541503906	-63.459171295166016	0.06999588012695312
dsgdb9nsd_001732	-63.380577087402344	-63.4008903503418	0.020313262939453125
dsgdb9nsd_001733	-71.07987976074219	-71.0140380859375	0.0658416748046875
dsgdb9nsd_001734	-65.77210235595703	-65.6193618774414	0.152740478515625
dsgdb9nsd_001735	-63.12296676635742	-63.13724899291992	0.0142822265625
dsgdb9nsd_001736	-67.60299682617188	-67.51548767089844	0.0875091552734375
dsgdb9nsd_001737	-62.29092025756836	-62.124855041503906	0.16606521606445312
dsgdb9nsd_001739	-63.143646240234375	-63.11909103393555	0.024555206298828125
dsgdb9nsd_001741	-65.52094268798828	-65.49971771240234	0.0212249755859375
dsgdb9nsd_001742	-62.59375762939453	-62.63575744628906	0.04199981689453125
dsgdb9nsd_001743	-69.98715209960938	-69.83126831054688	0.1558837890625
dsgdb9nsd_001744	-64.69831085205078	-64.57452392578125	0.12378692626953125
dsgdb9nsd_001745	-62.042999267578125	-62.02635192871094	0.0166473388671875
dsgdb9nsd_001746	-61.97853469848633	-61.961971282958984	0.01656341552734375
dsgdb9nsd_001747	-75.00749206542969	-74.76537322998047	0.24211883544921875
dsgdb9nsd_001748	-67.09901428222656	-67.1242904663086	0.02527618408203125
dsgdb9nsd_001749	-83.0981216430664	-82.59170532226562	0.5064163208007812
dsgdb9nsd_001750	-75.18738555908203	-75.08987426757812	0.09751129150390625
dsgdb9nsd_001751	-75.1521987915039	-74.86406707763672	0.2881317138671875
dsgdb9nsd_001752	-75.00787353515625	-74.77365112304688	0.234222412109375
dsgdb9nsd_001753	-74.85409545898438	-74.7120590209961	0.14203643798828125
dsgdb9nsd_001754	-69.59739685058594	-69.62602996826172	0.02863311767578125
dsgdb9nsd_001755	-66.88018035888672	-66.8451919555664	0.0349884033203125
dsgdb9nsd_001756	-66.92442321777344	-66.85196685791016	0.07245635986328125
dsgdb9nsd_001757	-67.02007293701172	-67.08988952636719	0.06981658935546875
dsgdb9nsd_001758	-63.140380859375	-63.14859390258789	0.008213043212890625
dsgdb9nsd_001760	-71.16610717773438	-71.24031829833984	0.07421112060546875
dsgdb9nsd_001761	-67.68721771240234	-67.77101135253906	0.08379364013671875
dsgdb9nsd_001762	-62.3255615234375	-62.43693542480469	0.1113739013671875
dsgdb9nsd_001763	-63.15798568725586	-63.26958084106445	0.11159515380859375
dsgdb9nsd_001765	-65.92581939697266	-65.90620422363281	0.01961517333984375
dsgdb9nsd_001766	-62.39247512817383	-62.4107666015625	0.018291473388671875
dsgdb9nsd_001767	-63.239349365234375	-63.290321350097656	0.05097198486328125
dsgdb9nsd_001769	-65.51996612548828	-65.59134674072266	0.071380615234375
dsgdb9nsd_001770	-62.00294494628906	-61.985897064208984	0.017047882080078125
dsgdb9nsd_001776	-62.16944885253906	-62.06777572631836	0.10167312622070312
dsgdb9nsd_001777	-70.2204360961914	-70.14407348632812	0.07636260986328125
dsgdb9nsd_001778	-62.24520492553711	-62.154300689697266	0.09090423583984375
dsgdb9nsd_001779	-64.99500274658203	-64.96614074707031	0.02886199951171875
dsgdb9nsd_001780	-62.28093719482422	-62.29366683959961	0.012729644775390625
dsgdb9nsd_001781	-64.61717224121094	-64.5417709350586	0.07540130615234375
dsgdb9nsd_001783	-67.06997680664062	-66.9666748046875	0.103302001953125
dsgdb9nsd_001784	-75.08112335205078	-74.98060607910156	0.10051727294921875
dsgdb9nsd_001785	-67.1953125	-67.14196014404297	0.05335235595703125
dsgdb9nsd_001786	-69.86510467529297	-69.83460235595703	0.0305023193359375
dsgdb9nsd_001787	-67.34764099121094	-67.27915954589844	0.0684814453125
dsgdb9nsd_001788	-83.11912536621094	-82.65840148925781	0.460723876953125
dsgdb9nsd_001789	-75.12348937988281	-74.77072143554688	0.3527679443359375
dsgdb9nsd_001790	-77.57842254638672	-77.40782165527344	0.17060089111328125
dsgdb9nsd_001791	-75.34447479248047	-75.25655364990234	0.087921142578125
dsgdb9nsd_001792	-75.20115661621094	-74.89207458496094	0.30908203125
dsgdb9nsd_001793	-67.17825317382812	-66.94385528564453	0.23439788818359375
dsgdb9nsd_001794	-69.6300277709961	-69.61063385009766	0.0193939208984375
dsgdb9nsd_001795	-74.95004272460938	-74.78926849365234	0.16077423095703125
dsgdb9nsd_001796	-66.933349609375	-66.80636596679688	0.126983642578125
dsgdb9nsd_001797	-59.14982986450195	-59.10034942626953	0.049480438232421875
dsgdb9nsd_001798	-70.43363189697266	-70.28501892089844	0.14861297607421875
dsgdb9nsd_001799	-65.16082763671875	-65.00194549560547	0.15888214111328125
dsgdb9nsd_001800	-62.40169906616211	-62.36917495727539	0.03252410888671875
dsgdb9nsd_001801	-62.46989059448242	-62.24869918823242	0.22119140625
dsgdb9nsd_001802	-65.94233703613281	-65.87379455566406	0.06854248046875
dsgdb9nsd_001803	-60.67799377441406	-60.7221794128418	0.044185638427734375
dsgdb9nsd_001807	-83.10037994384766	-82.4212646484375	0.6791152954101562
dsgdb9nsd_001808	-75.14844512939453	-75.09569549560547	0.0527496337890625
dsgdb9nsd_001809	-75.12517547607422	-75.0116958618164	0.1134796142578125
dsgdb9nsd_001810	-75.17628479003906	-74.958740234375	0.2175445556640625
dsgdb9nsd_001811	-69.91764831542969	-69.8418960571289	0.07575225830078125
dsgdb9nsd_001812	-67.34410858154297	-67.23026275634766	0.1138458251953125
dsgdb9nsd_001813	-67.28900146484375	-67.07028198242188	0.218719482421875
dsgdb9nsd_001814	-83.01727294921875	-82.5653305053711	0.45194244384765625
dsgdb9nsd_001815	-75.05587005615234	-75.0130615234375	0.04280853271484375
dsgdb9nsd_001816	-75.18624114990234	-75.16651916503906	0.01972198486328125
dsgdb9nsd_001817	-69.93498229980469	-69.81907653808594	0.11590576171875
dsgdb9nsd_001818	-67.31684112548828	-67.32845306396484	0.0116119384765625
dsgdb9nsd_001838	-65.91907501220703	-65.86721801757812	0.05185699462890625
dsgdb9nsd_001845	-65.67101287841797	-65.67791748046875	0.00690460205078125
dsgdb9nsd_001852	-65.68170928955078	-65.68147277832031	0.00023651123046875
dsgdb9nsd_001857	-78.26526641845703	-78.4454345703125	0.18016815185546875
dsgdb9nsd_001858	-70.3049545288086	-70.16384887695312	0.14110565185546875
dsgdb9nsd_001859	-70.33526611328125	-70.34078979492188	0.005523681640625
dsgdb9nsd_001860	-62.328880310058594	-62.18098449707031	0.14789581298828125
dsgdb9nsd_001861	-70.44639587402344	-70.37378692626953	0.07260894775390625
dsgdb9nsd_001862	-78.42687225341797	-78.48271179199219	0.05583953857421875
dsgdb9nsd_001863	-66.05594635009766	-66.0001449584961	0.0558013916015625
dsgdb9nsd_001864	-63.00565719604492	-62.99709701538086	0.0085601806640625
dsgdb9nsd_001865	-66.01101684570312	-66.0225830078125	0.011566162109375
dsgdb9nsd_001866	-71.17508697509766	-71.10520935058594	0.06987762451171875
dsgdb9nsd_001867	-66.70053100585938	-66.64112091064453	0.05941009521484375
dsgdb9nsd_001868	-63.89244842529297	-63.95572280883789	0.06327438354492188
dsgdb9nsd_001869	-66.62833404541016	-66.57113647460938	0.05719757080078125
dsgdb9nsd_001870	-61.7946662902832	-61.7601203918457	0.0345458984375
dsgdb9nsd_001872	-65.91920471191406	-65.86940002441406	0.0498046875
dsgdb9nsd_001874	-63.79424285888672	-63.787635803222656	0.0066070556640625
dsgdb9nsd_001879	-65.43152618408203	-65.52125549316406	0.08972930908203125
dsgdb9nsd_001880	-63.16541290283203	-63.16009521484375	0.00531768798828125
dsgdb9nsd_001884	-70.47779846191406	-70.42062377929688	0.0571746826171875
dsgdb9nsd_001885	-78.42872619628906	-78.55531311035156	0.1265869140625
dsgdb9nsd_001886	-65.99562072753906	-65.9955062866211	0.00011444091796875
dsgdb9nsd_001887	-70.38016510009766	-70.40959930419922	0.0294342041015625
dsgdb9nsd_001888	-67.90131378173828	-67.94166564941406	0.04035186767578125
dsgdb9nsd_001889	-83.89476013183594	-84.0048828125	0.1101226806640625
dsgdb9nsd_001890	-76.0313720703125	-76.18022918701172	0.14885711669921875
dsgdb9nsd_001891	-75.89686584472656	-75.98881530761719	0.091949462890625
dsgdb9nsd_001892	-75.9114761352539	-75.96173858642578	0.050262451171875
dsgdb9nsd_001893	-68.1203384399414	-68.14873504638672	0.0283966064453125
dsgdb9nsd_001894	-67.91658020019531	-68.0272216796875	0.1106414794921875
dsgdb9nsd_001895	-68.68399810791016	-68.60106658935547	0.0829315185546875
dsgdb9nsd_001896	-60.60544967651367	-60.52469253540039	0.08075714111328125
dsgdb9nsd_001897	-76.56278228759766	-76.18938446044922	0.3733978271484375
dsgdb9nsd_001898	-68.36180877685547	-68.25088500976562	0.11092376708984375
dsgdb9nsd_001899	-68.67950439453125	-68.578857421875	0.10064697265625
dsgdb9nsd_001900	-70.81010437011719	-70.96739959716797	0.15729522705078125
dsgdb9nsd_001901	-62.991886138916016	-63.05305480957031	0.061168670654296875
dsgdb9nsd_001902	-60.81521987915039	-60.773597717285156	0.041622161865234375
dsgdb9nsd_001906	-64.47504425048828	-64.37770080566406	0.09734344482421875
dsgdb9nsd_001911	-63.989620208740234	-63.9675407409668	0.0220794677734375
dsgdb9nsd_001912	-61.348453521728516	-61.415409088134766	0.06695556640625
dsgdb9nsd_001913	-69.2160873413086	-69.24337768554688	0.02729034423828125
dsgdb9nsd_001914	-77.15032958984375	-76.96405029296875	0.186279296875
dsgdb9nsd_001915	-69.26925659179688	-69.20885467529297	0.06040191650390625
dsgdb9nsd_001916	-69.1237564086914	-69.03048706054688	0.09326934814453125
dsgdb9nsd_001917	-69.13404846191406	-69.00343322753906	0.130615234375
dsgdb9nsd_001918	-63.48332595825195	-63.332542419433594	0.15078353881835938
dsgdb9nsd_001919	-61.17650604248047	-61.22726058959961	0.050754547119140625
dsgdb9nsd_001920	-71.4214859008789	-71.47637176513672	0.0548858642578125
dsgdb9nsd_001921	-63.32217788696289	-63.37874221801758	0.0565643310546875
dsgdb9nsd_001922	-63.48183059692383	-63.3147087097168	0.16712188720703125
dsgdb9nsd_001923	-77.7021255493164	-77.35711669921875	0.34500885009765625
dsgdb9nsd_001924	-69.60279083251953	-69.6856918334961	0.0829010009765625
dsgdb9nsd_001925	-69.50597381591797	-69.4641342163086	0.041839599609375
dsgdb9nsd_001926	-69.72415161132812	-69.6842041015625	0.039947509765625
dsgdb9nsd_001927	-69.77288818359375	-69.5127182006836	0.26016998291015625
dsgdb9nsd_001928	-61.51414489746094	-61.46556854248047	0.04857635498046875
dsgdb9nsd_001929	-77.25738525390625	-76.92754364013672	0.32984161376953125
dsgdb9nsd_001930	-69.09896850585938	-69.0814208984375	0.017547607421875
dsgdb9nsd_001931	-69.25442504882812	-69.06135559082031	0.1930694580078125
dsgdb9nsd_001932	-61.04423141479492	-60.98125457763672	0.06297683715820312
dsgdb9nsd_001933	-71.96018981933594	-71.68515014648438	0.2750396728515625
dsgdb9nsd_001934	-69.45423889160156	-69.3275375366211	0.12670135498046875
dsgdb9nsd_001935	-61.16110610961914	-61.18102264404297	0.019916534423828125
dsgdb9nsd_001948	-71.14006805419922	-71.22407531738281	0.08400726318359375
dsgdb9nsd_001949	-67.65689849853516	-67.72003936767578	0.063140869140625
dsgdb9nsd_001950	-62.259193420410156	-62.393131256103516	0.13393783569335938
dsgdb9nsd_001951	-63.137168884277344	-63.259944915771484	0.12277603149414062
dsgdb9nsd_001953	-62.12485122680664	-61.974246978759766	0.150604248046875
dsgdb9nsd_001954	-63.176326751708984	-63.18193435668945	0.00560760498046875
dsgdb9nsd_001956	-70.05390167236328	-70.11927795410156	0.06537628173828125
dsgdb9nsd_001957	-62.0899658203125	-62.057151794433594	0.03281402587890625
dsgdb9nsd_001958	-65.47130584716797	-65.60726165771484	0.135955810546875
dsgdb9nsd_001959	-62.08857727050781	-62.02094650268555	0.06763076782226562
dsgdb9nsd_001961	-65.20951080322266	-65.21162414550781	0.00211334228515625
dsgdb9nsd_001962	-65.3727798461914	-65.29901123046875	0.07376861572265625
dsgdb9nsd_001963	-70.41080474853516	-70.28446960449219	0.12633514404296875
dsgdb9nsd_001964	-65.94889831542969	-65.844970703125	0.1039276123046875
dsgdb9nsd_001965	-63.31932067871094	-63.26139450073242	0.057926177978515625
dsgdb9nsd_001966	-64.84378814697266	-64.81410217285156	0.02968597412109375
dsgdb9nsd_001967	-62.175411224365234	-62.09382247924805	0.0815887451171875
dsgdb9nsd_001969	-62.3349494934082	-62.285423278808594	0.049526214599609375
dsgdb9nsd_001972	-75.11143493652344	-75.17176055908203	0.06032562255859375
dsgdb9nsd_001973	-67.30244445800781	-67.38215637207031	0.0797119140625
dsgdb9nsd_001974	-83.1933822631836	-83.28764343261719	0.09426116943359375
dsgdb9nsd_001975	-75.34254455566406	-75.22296905517578	0.11957550048828125
dsgdb9nsd_001976	-75.22602081298828	-75.0690689086914	0.156951904296875
dsgdb9nsd_001977	-75.00520324707031	-74.82278442382812	0.1824188232421875
dsgdb9nsd_001978	-66.9903335571289	-67.01726531982422	0.0269317626953125
dsgdb9nsd_001979	-69.3804702758789	-69.44205474853516	0.06158447265625
dsgdb9nsd_001980	-67.1447525024414	-67.11714935302734	0.0276031494140625
dsgdb9nsd_001981	-64.90866088867188	-64.93798828125	0.029327392578125
dsgdb9nsd_001982	-70.19621276855469	-70.22518157958984	0.02896881103515625
dsgdb9nsd_001983	-64.82266998291016	-64.72511291503906	0.09755706787109375
dsgdb9nsd_001984	-62.202728271484375	-62.17734909057617	0.025379180908203125
dsgdb9nsd_001985	-64.65858459472656	-64.5782699584961	0.08031463623046875
dsgdb9nsd_001986	-65.64864349365234	-65.66116333007812	0.01251983642578125
dsgdb9nsd_001987	-62.88429260253906	-62.89470291137695	0.010410308837890625
dsgdb9nsd_001988	-65.74116516113281	-65.722900390625	0.0182647705078125
dsgdb9nsd_001989	-60.398887634277344	-60.44084930419922	0.041961669921875
dsgdb9nsd_001991	-60.267127990722656	-60.254207611083984	0.012920379638671875
dsgdb9nsd_001992	-60.86964416503906	-61.01272201538086	0.14307785034179688
dsgdb9nsd_001995	-83.02459716796875	-82.64775848388672	0.37683868408203125
dsgdb9nsd_001996	-75.02996826171875	-75.12785339355469	0.0978851318359375
dsgdb9nsd_001997	-77.53591918945312	-77.53561401367188	0.00030517578125
dsgdb9nsd_001998	-74.94552612304688	-74.88170623779297	0.06381988525390625
dsgdb9nsd_001999	-75.08539581298828	-75.06987762451172	0.0155181884765625
dsgdb9nsd_002000	-67.11705780029297	-67.14175415039062	0.02469635009765625
dsgdb9nsd_002001	-69.56292724609375	-69.3462905883789	0.21663665771484375
dsgdb9nsd_002002	-64.51988983154297	-64.42435455322266	0.0955352783203125
dsgdb9nsd_002009	-63.3506965637207	-63.367671966552734	0.01697540283203125
dsgdb9nsd_002012	-76.53562927246094	-76.12307739257812	0.4125518798828125
dsgdb9nsd_002013	-68.31784057617188	-68.12939453125	0.188446044921875
dsgdb9nsd_002014	-70.72460174560547	-70.95954895019531	0.23494720458984375
dsgdb9nsd_002015	-68.39794921875	-68.11736297607422	0.28058624267578125
dsgdb9nsd_002016	-62.64992141723633	-62.29124069213867	0.35868072509765625
dsgdb9nsd_002017	-68.42284393310547	-68.37242889404297	0.0504150390625
dsgdb9nsd_002018	-60.24601364135742	-60.21331787109375	0.032695770263671875
dsgdb9nsd_002019	-62.5994987487793	-62.838836669921875	0.23933792114257812
dsgdb9nsd_002021	-64.3195571899414	-64.28020477294922	0.0393524169921875
dsgdb9nsd_002026	-77.1169204711914	-77.30323028564453	0.186309814453125
dsgdb9nsd_002027	-69.21012878417969	-69.34500122070312	0.1348724365234375
dsgdb9nsd_002028	-69.2127914428711	-69.37419128417969	0.16139984130859375
dsgdb9nsd_002029	-66.23015594482422	-66.22895812988281	0.00119781494140625
dsgdb9nsd_002030	-63.5727424621582	-63.755069732666016	0.1823272705078125
dsgdb9nsd_002031	-69.15692901611328	-69.06978607177734	0.0871429443359375
dsgdb9nsd_002032	-63.8594970703125	-63.7136344909668	0.14586257934570312
dsgdb9nsd_002033	-61.22129440307617	-61.10221481323242	0.11907958984375
dsgdb9nsd_002034	-77.0594482421875	-76.7371597290039	0.32228851318359375
dsgdb9nsd_002035	-71.69148254394531	-71.41213989257812	0.2793426513671875
dsgdb9nsd_002036	-69.0736083984375	-68.99943542480469	0.0741729736328125
dsgdb9nsd_002037	-71.6219253540039	-71.37413024902344	0.24779510498046875
dsgdb9nsd_002038	-69.04095458984375	-68.93739318847656	0.1035614013671875
dsgdb9nsd_002039	-69.1619644165039	-69.20452880859375	0.04256439208984375
dsgdb9nsd_002040	-63.78316879272461	-63.84587860107422	0.06270980834960938
dsgdb9nsd_002041	-61.14450454711914	-61.17444610595703	0.029941558837890625
dsgdb9nsd_002042	-63.68852615356445	-63.69935607910156	0.010829925537109375
dsgdb9nsd_002043	-76.23957061767578	-76.08378601074219	0.15578460693359375
dsgdb9nsd_002044	-68.08447265625	-68.11157989501953	0.02710723876953125
dsgdb9nsd_002045	-68.51830291748047	-68.54750061035156	0.02919769287109375
dsgdb9nsd_002046	-60.39474868774414	-60.472564697265625	0.07781600952148438
dsgdb9nsd_002047	-77.02412414550781	-76.5410385131836	0.48308563232421875
dsgdb9nsd_002048	-68.82674407958984	-68.55743408203125	0.26930999755859375
dsgdb9nsd_002049	-69.04073333740234	-68.7620620727539	0.2786712646484375
dsgdb9nsd_002050	-60.80958938598633	-60.73556900024414	0.0740203857421875
dsgdb9nsd_002054	-65.52570343017578	-65.51476287841797	0.0109405517578125
dsgdb9nsd_002060	-65.68576049804688	-65.69314575195312	0.00738525390625
dsgdb9nsd_002066	-65.77397918701172	-65.85891723632812	0.08493804931640625
dsgdb9nsd_002068	-60.27888488769531	-60.326080322265625	0.0471954345703125
dsgdb9nsd_002071	-71.18975830078125	-71.06014251708984	0.12961578369140625
dsgdb9nsd_002072	-66.58523559570312	-66.66038513183594	0.0751495361328125
dsgdb9nsd_002073	-63.6190299987793	-63.595951080322266	0.02307891845703125
dsgdb9nsd_002074	-65.6877212524414	-65.75334167480469	0.06562042236328125
dsgdb9nsd_002075	-62.886661529541016	-62.88249206542969	0.004169464111328125
dsgdb9nsd_002076	-62.991233825683594	-62.9401969909668	0.051036834716796875
dsgdb9nsd_002078	-61.1037712097168	-61.17387771606445	0.07010650634765625
dsgdb9nsd_002083	-61.75425720214844	-61.759010314941406	0.00475311279296875
dsgdb9nsd_002086	-78.51013946533203	-78.50843811035156	0.00170135498046875
dsgdb9nsd_002087	-70.29959106445312	-70.23738098144531	0.0622100830078125
dsgdb9nsd_002088	-70.30323791503906	-70.26639556884766	0.03684234619140625
dsgdb9nsd_002089	-65.8442153930664	-65.88719940185547	0.0429840087890625
dsgdb9nsd_002090	-70.28832244873047	-70.2342529296875	0.05406951904296875
dsgdb9nsd_002091	-78.39234161376953	-78.38640594482422	0.0059356689453125
dsgdb9nsd_002092	-65.7247314453125	-65.74468994140625	0.01995849609375
dsgdb9nsd_002093	-65.60374450683594	-65.5673828125	0.0363616943359375
dsgdb9nsd_002094	-70.4270248413086	-70.277587890625	0.14943695068359375
dsgdb9nsd_002096	-78.37155151367188	-78.3233413696289	0.04821014404296875
dsgdb9nsd_002097	-65.6520767211914	-65.66172790527344	0.00965118408203125
dsgdb9nsd_002098	-70.15923309326172	-69.94400787353516	0.2152252197265625
dsgdb9nsd_002099	-70.27039337158203	-70.10977172851562	0.16062164306640625
dsgdb9nsd_002100	-70.40416717529297	-70.20812225341797	0.196044921875
dsgdb9nsd_002101	-62.10914993286133	-62.03872299194336	0.07042694091796875
dsgdb9nsd_002102	-84.05862426757812	-83.97721862792969	0.0814056396484375
dsgdb9nsd_002103	-75.99687194824219	-76.02508544921875	0.0282135009765625
dsgdb9nsd_002104	-75.88736724853516	-75.81254577636719	0.07482147216796875
dsgdb9nsd_002105	-75.89060974121094	-75.8086166381836	0.08199310302734375
dsgdb9nsd_002106	-67.98860931396484	-67.96591186523438	0.02269744873046875
dsgdb9nsd_002107	-67.76830291748047	-67.66212463378906	0.10617828369140625
dsgdb9nsd_002108	-67.87059020996094	-67.8486557006836	0.02193450927734375
dsgdb9nsd_002109	-68.07459259033203	-68.1461410522461	0.0715484619140625
dsgdb9nsd_002110	-76.10062408447266	-76.06340789794922	0.0372161865234375
dsgdb9nsd_002111	-67.89097595214844	-67.87572479248047	0.01525115966796875
dsgdb9nsd_002112	-67.91671752929688	-67.86941528320312	0.04730224609375
dsgdb9nsd_002113	-59.83329772949219	-59.86606979370117	0.032772064208984375
dsgdb9nsd_002127	-78.54973602294922	-78.48889923095703	0.0608367919921875
dsgdb9nsd_002128	-70.39374542236328	-70.37251281738281	0.02123260498046875
dsgdb9nsd_002129	-65.89877319335938	-65.90550994873047	0.00673675537109375
dsgdb9nsd_002134	-65.49150085449219	-65.59973907470703	0.10823822021484375
dsgdb9nsd_002144	-65.69522857666016	-65.63069915771484	0.0645294189453125
dsgdb9nsd_002147	-70.28772735595703	-70.01399230957031	0.27373504638671875
dsgdb9nsd_002148	-78.18360137939453	-78.1160888671875	0.06751251220703125
dsgdb9nsd_002149	-70.29325103759766	-70.09899139404297	0.1942596435546875
dsgdb9nsd_002150	-65.73661804199219	-65.73584747314453	0.00077056884765625
dsgdb9nsd_002151	-62.39876174926758	-62.25823974609375	0.14052200317382812
dsgdb9nsd_002152	-70.47374725341797	-70.42164611816406	0.05210113525390625
dsgdb9nsd_002153	-78.407470703125	-78.4229507446289	0.01548004150390625
dsgdb9nsd_002154	-70.36563110351562	-70.37358093261719	0.0079498291015625
dsgdb9nsd_002155	-71.18077850341797	-71.1084976196289	0.0722808837890625
dsgdb9nsd_002156	-66.64583587646484	-66.59383392333984	0.052001953125
dsgdb9nsd_002157	-65.87945556640625	-65.8684310913086	0.01102447509765625
dsgdb9nsd_002158	-63.80569839477539	-63.837425231933594	0.031726837158203125
dsgdb9nsd_002159	-62.94021224975586	-62.92026138305664	0.01995086669921875
dsgdb9nsd_002160	-63.011505126953125	-63.00136184692383	0.010143280029296875
dsgdb9nsd_002163	-66.55894470214844	-66.5950927734375	0.0361480712890625
dsgdb9nsd_002164	-61.64285659790039	-61.63566970825195	0.0071868896484375
dsgdb9nsd_002167	-63.1976318359375	-63.10776901245117	0.08986282348632812
dsgdb9nsd_002173	-83.78561401367188	-83.78266906738281	0.0029449462890625
dsgdb9nsd_002174	-75.92241668701172	-76.10271453857422	0.1802978515625
dsgdb9nsd_002175	-75.8306884765625	-75.97051239013672	0.13982391357421875
dsgdb9nsd_002176	-75.67691802978516	-75.64415740966797	0.0327606201171875
dsgdb9nsd_002177	-67.77967834472656	-67.84647369384766	0.06679534912109375
dsgdb9nsd_002178	-67.88433074951172	-67.97766876220703	0.0933380126953125
dsgdb9nsd_002179	-67.9493408203125	-68.0403823852539	0.09104156494140625
dsgdb9nsd_002180	-68.02006530761719	-68.05549621582031	0.035430908203125
dsgdb9nsd_002181	-59.844451904296875	-59.85260009765625	0.008148193359375
dsgdb9nsd_002182	-62.457157135009766	-62.47470474243164	0.017547607421875
dsgdb9nsd_002183	-70.437744140625	-70.44939422607422	0.01165008544921875
dsgdb9nsd_002184	-62.444610595703125	-62.471107482910156	0.02649688720703125
dsgdb9nsd_002185	-65.9603500366211	-65.90338897705078	0.0569610595703125
dsgdb9nsd_002186	-64.94550323486328	-64.99417877197266	0.048675537109375
dsgdb9nsd_002187	-65.98223114013672	-65.97183227539062	0.01039886474609375
dsgdb9nsd_002189	-65.4056167602539	-65.22417449951172	0.1814422607421875
dsgdb9nsd_002190	-60.147369384765625	-60.1331787109375	0.014190673828125
dsgdb9nsd_002192	-63.34359359741211	-63.28934097290039	0.05425262451171875
dsgdb9nsd_002196	-70.50821685791016	-70.50542449951172	0.0027923583984375
dsgdb9nsd_002197	-62.45881652832031	-62.372459411621094	0.08635711669921875
dsgdb9nsd_002198	-65.89545440673828	-65.89073181152344	0.00472259521484375
dsgdb9nsd_002199	-65.1661605834961	-65.18661499023438	0.02045440673828125
dsgdb9nsd_002200	-62.48975372314453	-62.492149353027344	0.0023956298828125
dsgdb9nsd_002203	-67.25360107421875	-67.48503112792969	0.2314300537109375
dsgdb9nsd_002204	-83.15523529052734	-83.09296417236328	0.0622711181640625
dsgdb9nsd_002205	-75.22049713134766	-75.34272003173828	0.122222900390625
dsgdb9nsd_002206	-75.22071838378906	-75.20652770996094	0.014190673828125
dsgdb9nsd_002207	-67.37580871582031	-67.47010803222656	0.09429931640625
dsgdb9nsd_002208	-75.30567169189453	-75.24495697021484	0.0607147216796875
dsgdb9nsd_002209	-67.37782287597656	-67.33732604980469	0.040496826171875
dsgdb9nsd_002210	-59.480690002441406	-59.40329360961914	0.07739639282226562
dsgdb9nsd_002211	-77.14788055419922	-77.44940185546875	0.30152130126953125
dsgdb9nsd_002212	-69.24311065673828	-69.38945770263672	0.1463470458984375
dsgdb9nsd_002213	-69.13594818115234	-69.31270599365234	0.1767578125
dsgdb9nsd_002214	-61.145511627197266	-61.168434143066406	0.022922515869140625
dsgdb9nsd_002215	-69.22999572753906	-69.45852661132812	0.2285308837890625
dsgdb9nsd_002216	-61.159934997558594	-61.2217903137207	0.061855316162109375
dsgdb9nsd_002217	-69.16590881347656	-68.973388671875	0.1925201416015625
dsgdb9nsd_002218	-60.91119384765625	-60.87362289428711	0.037570953369140625
dsgdb9nsd_002219	-61.03457260131836	-60.94705581665039	0.08751678466796875
dsgdb9nsd_002220	-77.11003112792969	-76.77391815185547	0.33611297607421875
dsgdb9nsd_002221	-69.10237121582031	-68.94366455078125	0.1587066650390625
dsgdb9nsd_002222	-69.01265716552734	-68.81708526611328	0.1955718994140625
dsgdb9nsd_002223	-68.89651489257812	-68.88324737548828	0.01326751708984375
dsgdb9nsd_002224	-60.84784698486328	-60.84687042236328	0.0009765625
dsgdb9nsd_002225	-61.154300689697266	-61.15460968017578	0.000308990478515625
dsgdb9nsd_002227	-72.29865264892578	-72.22789001464844	0.07076263427734375
dsgdb9nsd_002229	-67.04586791992188	-66.8511962890625	0.194671630859375
dsgdb9nsd_002230	-64.37480163574219	-64.24673461914062	0.1280670166015625
dsgdb9nsd_002231	-64.26998138427734	-64.16015625	0.10982513427734375
dsgdb9nsd_002232	-72.30142211914062	-72.24439239501953	0.05702972412109375
dsgdb9nsd_002234	-66.95514678955078	-66.82434844970703	0.13079833984375
dsgdb9nsd_002235	-64.38546752929688	-64.362060546875	0.023406982421875
dsgdb9nsd_002236	-64.2577896118164	-64.10301208496094	0.15477752685546875
dsgdb9nsd_002237	-77.98828125	-77.73780822753906	0.2504730224609375
dsgdb9nsd_002238	-69.85485076904297	-69.94529724121094	0.09044647216796875
dsgdb9nsd_002239	-69.88304138183594	-69.77127075195312	0.1117706298828125
dsgdb9nsd_002240	-69.75715637207031	-69.7396240234375	0.0175323486328125
dsgdb9nsd_002241	-61.69401168823242	-61.85017776489258	0.15616607666015625
dsgdb9nsd_002242	-70.21422576904297	-70.07333374023438	0.14089202880859375
dsgdb9nsd_002243	-64.6553726196289	-64.60929107666016	0.04608154296875
dsgdb9nsd_002244	-61.951107025146484	-61.82064437866211	0.130462646484375
dsgdb9nsd_002245	-69.97956085205078	-69.71794128417969	0.26161956787109375
dsgdb9nsd_002246	-61.82353973388672	-61.746952056884766	0.07658767700195312
dsgdb9nsd_002247	-61.713279724121094	-61.73190689086914	0.018627166748046875
dsgdb9nsd_002248	-64.482177734375	-64.4684829711914	0.01369476318359375
dsgdb9nsd_002261	-69.21744537353516	-69.26012420654297	0.0426788330078125
dsgdb9nsd_002262	-63.819984436035156	-63.9459342956543	0.12594985961914062
dsgdb9nsd_002263	-63.97574234008789	-63.97451400756836	0.00122833251953125
dsgdb9nsd_002264	-61.359283447265625	-61.31899642944336	0.040287017822265625
dsgdb9nsd_002265	-77.1470947265625	-77.0492935180664	0.09780120849609375
dsgdb9nsd_002266	-69.14468383789062	-69.11522674560547	0.02945709228515625
dsgdb9nsd_002267	-69.2674331665039	-69.17765808105469	0.08977508544921875
dsgdb9nsd_002268	-69.0225601196289	-69.07080841064453	0.048248291015625
dsgdb9nsd_002269	-60.96531677246094	-61.00334930419922	0.03803253173828125
dsgdb9nsd_002270	-61.212181091308594	-61.206485748291016	0.005695343017578125
dsgdb9nsd_002271	-71.06156158447266	-70.93679809570312	0.12476348876953125
dsgdb9nsd_002272	-63.008758544921875	-62.96347427368164	0.045284271240234375
dsgdb9nsd_002273	-62.902034759521484	-62.92318344116211	0.021148681640625
dsgdb9nsd_002274	-67.58329772949219	-67.46411895751953	0.11917877197265625
dsgdb9nsd_002277	-61.99129867553711	-61.84476089477539	0.14653778076171875
dsgdb9nsd_002279	-69.96549224853516	-69.96134185791016	0.004150390625
dsgdb9nsd_002280	-61.93072509765625	-61.89332962036133	0.037395477294921875
dsgdb9nsd_002281	-61.766231536865234	-61.67030334472656	0.09592819213867188
dsgdb9nsd_002282	-64.473388671875	-64.42212677001953	0.05126190185546875
dsgdb9nsd_002283	-65.57308197021484	-65.51123046875	0.06185150146484375
dsgdb9nsd_002285	-62.644859313964844	-62.63022994995117	0.014629364013671875
dsgdb9nsd_002287	-71.378662109375	-71.3493423461914	0.02931976318359375
dsgdb9nsd_002288	-63.23586654663086	-63.257564544677734	0.021697998046875
dsgdb9nsd_002289	-63.20867919921875	-63.218955993652344	0.01027679443359375
dsgdb9nsd_002290	-65.04379272460938	-65.04862976074219	0.0048370361328125
dsgdb9nsd_002291	-83.09017181396484	-83.01809692382812	0.07207489013671875
dsgdb9nsd_002292	-75.10531616210938	-75.11648559570312	0.01116943359375
dsgdb9nsd_002293	-74.94857788085938	-74.84489440917969	0.1036834716796875
dsgdb9nsd_002294	-75.05083465576172	-74.88182830810547	0.16900634765625
dsgdb9nsd_002295	-66.84959411621094	-66.7807388305664	0.06885528564453125
dsgdb9nsd_002296	-74.80950164794922	-74.79105377197266	0.0184478759765625
dsgdb9nsd_002297	-66.76472473144531	-66.75391387939453	0.01081085205078125
dsgdb9nsd_002298	-66.66703033447266	-66.66748809814453	0.000457763671875
dsgdb9nsd_002299	-74.99853515625	-75.0035171508789	0.00498199462890625
dsgdb9nsd_002300	-67.01161193847656	-66.97576904296875	0.0358428955078125
dsgdb9nsd_002301	-66.85057067871094	-66.82231140136719	0.02825927734375
dsgdb9nsd_002302	-71.42010498046875	-71.45635223388672	0.03624725341796875
dsgdb9nsd_002303	-63.39603042602539	-63.375083923339844	0.020946502685546875
dsgdb9nsd_002304	-65.8042984008789	-65.91058349609375	0.10628509521484375
dsgdb9nsd_002305	-66.05776977539062	-66.1186752319336	0.06090545654296875
dsgdb9nsd_002306	-63.41671371459961	-63.41555404663086	0.00115966796875
dsgdb9nsd_002307	-70.99247741699219	-70.99909973144531	0.006622314453125
dsgdb9nsd_002308	-67.51850128173828	-67.4819564819336	0.0365447998046875
dsgdb9nsd_002309	-65.39051818847656	-65.47767639160156	0.087158203125
dsgdb9nsd_002310	-61.87437057495117	-61.95613479614258	0.08176422119140625
dsgdb9nsd_002311	-65.73490905761719	-65.85365295410156	0.118743896484375
dsgdb9nsd_002312	-62.253150939941406	-62.28318405151367	0.030033111572265625
dsgdb9nsd_002313	-63.07738494873047	-63.11635208129883	0.038967132568359375
dsgdb9nsd_002315	-65.40026092529297	-65.456787109375	0.05652618408203125
dsgdb9nsd_002316	-61.894344329833984	-61.88657760620117	0.0077667236328125
dsgdb9nsd_002317	-62.988975524902344	-63.029563903808594	0.04058837890625
dsgdb9nsd_002319	-69.9281005859375	-69.96621704101562	0.038116455078125
dsgdb9nsd_002320	-65.4620590209961	-65.50679779052734	0.04473876953125
dsgdb9nsd_002321	-62.49106216430664	-62.69279861450195	0.2017364501953125
