Epoch	Time(sec)	Loss_E	Loss_V	MAE_val(eV)	MAE_test(eV)
0	37.087986486032605	24257.83667783253	6607.4733137488365	0.7564772367477417	0.7404453158378601
1	74.11198122502537	3663.3450873885304	1751.1274210512638	0.6671108603477478	0.664299488067627
2	111.29461611103034	2810.9524519853294	1333.3713826537132	0.5714102387428284	0.5754664540290833
3	148.60203503404045	2097.2243763697334	1090.0055441707373	0.47582679986953735	0.49764636158943176
4	186.0897781359963	1579.7272642166354	940.9539619088173	0.8679779171943665	0.8929451704025269
5	223.33761586202309	1322.374795247335	838.3921842873096	0.3927017152309418	0.3885613977909088
6	260.59560744004557	1147.1219331528991	757.0519384592772	0.3569207489490509	0.3533707559108734
7	297.7832230220083	1025.1506189377978	689.4021428972483	0.3369763195514679	0.3453993797302246
8	335.23152030602796	936.2296825062949	631.5810342282057	0.4671829342842102	0.46912920475006104
9	372.5536808629986	859.2789808628149	585.0746711790562	0.31698742508888245	0.321595162153244
10	409.8155411960324	790.163220636081	544.9119196906686	0.29671263694763184	0.2988482415676117
11	447.1166056880029	735.4699496104149	507.17483485490084	0.3349144458770752	0.33082571625709534
12	484.415638592036	728.0832518250681	474.6598664075136	0.5120968222618103	0.5200321078300476
13	521.6395859030308	691.100409139879	444.6710780188441	0.3098519444465637	0.30748412013053894
14	558.8080538650393	657.1761459233821	418.270867228508	0.27033478021621704	0.27828603982925415
15	596.0734386219992	618.9561795319896	394.8487013205886	0.27929821610450745	0.27658596634864807
16	633.4433149220422	600.2655990587082	372.96647050231695	0.4144059717655182	0.4203815758228302
17	670.6498388940236	598.945060250815	354.7950152605772	0.3645290434360504	0.3725040853023529
18	707.7465602680459	562.0947056970326	337.1386329680681	0.688181459903717	0.6789078712463379
19	745.2813956660102	574.1496937901247	321.32677964121103	0.26791417598724365	0.26792487502098083
20	782.6565308489953	531.5934367117006	308.1142045147717	0.3049919307231903	0.29987266659736633
21	820.06146528502	533.2382790733827	293.94406398385763	0.6699494123458862	0.6588319540023804
22	857.3712974510272	495.7981858601561	280.4375029914081	0.3316621482372284	0.32901808619499207
23	894.6708313740091	492.2976333303377	269.0358734279871	0.23220422863960266	0.2338395118713379
24	932.2121708340128	488.3541545100161	258.92557725682855	0.3194977045059204	0.3218185603618622
25	969.5638955210452	468.1558432804886	249.8675176538527	0.456577867269516	0.45135316252708435
26	1006.8678397920448	476.8699621912092	240.3843671157956	0.24913108348846436	0.2478562444448471
27	1044.2192801810452	442.55185772955883	232.73581014946103	0.4333440661430359	0.42746713757514954
28	1081.499180098006	445.0439097859198	225.90352531895041	0.21444205939769745	0.21818341314792633
29	1118.9475828620489	428.80585814407095	218.7090857475996	0.2497260719537735	0.2472246140241623
30	1156.1667479900061	418.64607425715076	212.50576839968562	0.22834512591362	0.23096466064453125
31	1193.5868836159934	408.51669544982724	206.84616889432073	0.22709707915782928	0.22514422237873077
32	1230.9257414740277	414.99162887921557	201.89568489044905	0.5804397463798523	0.5678479075431824
33	1268.3812726950273	400.72816244338173	197.01480800658464	0.5694785714149475	0.5548936128616333
34	1305.911525139003	398.3420324595063	191.823353337124	0.4129255712032318	0.40970298647880554
35	1343.2319368460448	380.7511074891663	188.93682934343815	0.19169840216636658	0.1957995444536209
36	1380.6123402240337	373.1414413602324	185.30886885523796	0.22572748363018036	0.22959581017494202
37	1418.052043232019	370.911274164333	181.0274570826441	0.25041285157203674	0.2609379291534424
38	1455.410165998037	361.3777240407653	177.48216161504388	0.22262650728225708	0.22724513709545135
39	1493.014761390048	354.14147525047883	174.64365470968187	0.21523314714431763	0.21131835877895355
40	1530.3653273550444	362.47365170624107	171.39577200636268	0.4159853160381317	0.42526090145111084
41	1567.6394595550373	361.7467727536132	167.98150382377207	0.19308027625083923	0.19725921750068665
42	1605.0748863290064	339.99259307194734	165.95506318472326	0.21243034303188324	0.2146555781364441
43	1642.5601261249976	336.9776895393152	163.59275723993778	0.25155460834503174	0.25211313366889954
44	1679.7757937710267	332.32999886444304	160.54382666386664	0.22570793330669403	0.23065270483493805
45	1717.0988258059951	326.9624758417485	158.49775296077132	0.23369623720645905	0.24162523448467255
46	1754.4557112810435	325.4607851613546	155.4210198968649	0.31221142411231995	0.30959632992744446
47	1791.8600384269957	322.7469097462017	154.237125037238	0.2370709627866745	0.23427826166152954
48	1829.1527180320118	311.9961364303017	152.82003270462155	0.3944104015827179	0.40106821060180664
49	1866.4903345700004	313.62355533678783	149.79214834235609	0.19013290107250214	0.18933714926242828
50	1903.8325181010296	307.95883475168375	147.94467078335583	0.1812816709280014	0.18537795543670654
51	1941.044640149048	300.9956617753487	146.41389236040413	0.2541431486606598	0.25089871883392334
52	1978.456150797021	302.62797414674424	144.28460175544024	0.17259736359119415	0.17269468307495117
53	2015.7446762770414	296.0223043401493	143.13126674108207	0.17411179840564728	0.17136472463607788
54	2053.0858771800413	288.1417907598079	141.022327484563	0.19372548162937164	0.19419842958450317
55	2090.4995611410122	281.85241441061953	139.42907429859042	0.16494646668434143	0.16970689594745636
56	2128.014435250021	274.3627628662798	137.65596718341112	0.3411291837692261	0.34384849667549133
57	2165.5303313439945	273.46939259115607	136.24619348719716	0.39040982723236084	0.3934940695762634
58	2202.916258208046	277.30637632860453	135.24811196886003	0.17566612362861633	0.1812225580215454
59	2240.190595393011	264.9765763347532	133.0637215524912	0.3768007457256317	0.36594656109809875
60	2277.744845704001	260.2611463548383	132.47047596238554	0.1731039583683014	0.17490246891975403
61	2315.2186799180345	261.84794137076824	130.84248993732035	0.26472434401512146	0.25450968742370605
62	2352.6721703259973	254.93640695273643	129.34977548383176	0.1609816700220108	0.16461338102817535
63	2390.030906026019	250.01824702427257	128.62640680000186	0.2519431412220001	0.24413751065731049
64	2427.2033140640124	240.0001470115967	127.31694016605616	0.3065876364707947	0.31263425946235657
65	2464.4847466600477	250.68968395428965	126.200658692047	0.18874987959861755	0.18659086525440216
66	2501.770252246002	247.24009153578663	125.53395231999457	0.27479004859924316	0.28164637088775635
67	2539.1798778100056	235.7631304300885	123.00231981277466	0.1717970073223114	0.1764831840991974
68	2576.5323858910124	230.08421002095565	122.89841018803418	0.1716802716255188	0.1775522232055664
69	2613.8514658710337	230.37006846744043	121.22548438236117	0.23068028688430786	0.23987674713134766
70	2651.0914883009973	229.2469646121608	120.55162042379379	0.1545916050672531	0.1546877920627594
71	2688.526861927996	217.63477924087783	119.91167663037777	0.205409437417984	0.2001340091228485
72	2726.0124871720327	217.84819747912115	119.26299256272614	0.20239010453224182	0.20301122963428497
73	2763.4359330420266	214.49390811799094	117.91471196338534	0.17251937091350555	0.1823183000087738
74	2800.9451904140296	207.01683901539946	117.52994089853019	0.3193226456642151	0.3245954215526581
75	2838.369835577032	206.1857968388067	116.20116034895182	0.23720549046993256	0.24176065623760223
76	2875.6947366020177	203.88222047206364	115.47323391772807	0.2179277092218399	0.22129949927330017
77	2913.0318528910284	195.35409870033618	114.43595910258591	0.2064598649740219	0.19855652749538422
78	2950.2391471560113	191.66649126575794	114.05501005426049	0.21185195446014404	0.2238122522830963
79	2987.5690398300067	192.5086077391752	114.289696296677	0.17710146307945251	0.18092860281467438
80	3024.990279411024	193.36785329907434	112.59262506850064	0.16547255218029022	0.16396251320838928
81	3062.3915460770368	187.345498064009	112.01666962727904	0.15185366570949554	0.15155848860740662
82	3099.767475427012	186.2513874100987	110.76391053572297	0.25909313559532166	0.25064796209335327
83	3137.143304894038	181.50598394536064	110.83028433285654	0.1823735386133194	0.1878282129764557
84	3174.4780369680375	184.82295182271628	109.93668352719396	0.1578189581632614	0.15528163313865662
85	3212.034062573046	179.3411617850361	108.35337904002517	0.18933269381523132	0.1967151015996933
86	3249.5129831940285	183.0867344478611	108.63054520543665	0.14162403345108032	0.14422176778316498
87	3286.7484313290333	177.30549759202404	107.42501640226692	0.1575969010591507	0.15640757977962494
88	3324.274431724043	170.88419660722138	106.80603447463363	0.17554354667663574	0.17406576871871948
89	3361.681858808035	174.41227871610317	106.74111401010305	0.18225355446338654	0.18071317672729492
90	3399.207244368037	174.69334468746092	106.14284356217831	0.14742131531238556	0.1452934443950653
91	3436.701318209991	160.99052444116387	105.11865055374801	0.20414018630981445	0.21123917400836945
92	3473.978208909044	172.42921874776948	104.6020366884768	0.12493301182985306	0.12715113162994385
93	3511.250092728995	169.31612373818643	104.08667003270239	0.18618008494377136	0.19816379249095917
94	3548.6789934840053	159.7189092085755	103.6653782883659	0.1821136176586151	0.17679095268249512
95	3585.9463752750307	160.96498147936654	103.15290879271924	0.13288602232933044	0.1364647001028061
96	3623.2448968570097	158.96816525614122	102.74262744281441	0.14950665831565857	0.14593927562236786
97	3660.7287227270426	158.3132561972452	101.54861351288855	0.1830606609582901	0.1876356154680252
98	3698.044411474024	155.10959782640566	101.80456478148699	0.14107324182987213	0.1408102810382843
99	3735.276573794021	158.8772365275072	100.71796176303178	0.15871497988700867	0.15921106934547424
100	3772.7501030490384	158.33165277006628	100.79792594444007	0.14217481017112732	0.1479174941778183
101	3810.0730315450346	155.7357408699463	100.36593982763588	0.14615175127983093	0.15344585478305817
102	3847.4105068700155	154.75277004606323	100.45709840394557	0.20532792806625366	0.20922961831092834
103	3884.9449296750245	152.42989253157066	99.69309536833316	0.12136095762252808	0.1256733536720276
104	3922.4705969960196	149.7195775990549	98.60513486526906	0.22264891862869263	0.22815123200416565
105	3959.865890732035	154.976168260735	98.68026329297572	0.25632813572883606	0.24817390739917755
106	3997.4410608080216	138.07110893179197	98.21617045998573	0.15942882001399994	0.15922261774539948
107	4034.817600894021	150.62640165604535	97.85765540506691	0.12156207859516144	0.12640750408172607
108	4072.149279210018	142.20098664588295	97.16711760032922	0.13448216021060944	0.1394611895084381
109	4109.7091487310245	149.6397418971901	95.82129150535911	0.23756670951843262	0.24223415553569794
110	4147.124636566034	138.72953218169278	96.14397612400353	0.16844208538532257	0.16971173882484436
111	4184.346191327029	141.897894678812	96.23442372772843	0.14800526201725006	0.14924058318138123
112	4221.647680794005	143.61295724619413	95.18427989818156	0.15260930359363556	0.1551094651222229
113	4259.067820511991	139.90013366559288	95.92915072757751	0.15707585215568542	0.16242572665214539
114	4296.418962899013	140.80240395035798	95.04470497835428	0.26629137992858887	0.26599058508872986
115	4333.899611769011	138.04694663085684	94.32008555531502	0.12560966610908508	0.12586231529712677
116	4371.15947877703	134.9035979071341	94.09092555660754	0.2062528133392334	0.20874206721782684
117	4408.714148272993	136.9124073673156	94.06252491660416	0.1264541894197464	0.12553991377353668
118	4446.12972060201	136.26529546524398	93.63196939509362	0.2108260542154312	0.2105182409286499
119	4483.398276004009	130.97638496962463	92.74911123514175	0.286602258682251	0.2919172942638397
120	4520.820037413039	129.84437434461142	92.61636458523571	0.14162924885749817	0.1441251039505005
121	4558.244187414006	130.8091175663285	92.33796071168035	0.2538713812828064	0.25609150528907776
122	4595.625382546044	130.05838186846813	92.23464517015964	0.19833894073963165	0.1976485699415207
123	4633.080767445033	128.83633108288632	92.11200312245637	0.13543051481246948	0.13941249251365662
124	4670.315355696017	129.8607345946366	91.80147818569094	0.1660742461681366	0.1681184619665146
125	4707.705078599043	125.10418555983051	91.40593212097883	0.13123245537281036	0.13135351240634918
126	4744.991246071004	121.91894697738462	90.91842366289347	0.1409841775894165	0.14126232266426086
127	4782.254669982009	130.36456738458946	90.43968236725777	0.1227620393037796	0.12684567272663116
128	4819.266430498043	124.25830898113782	90.2002552356571	0.33472639322280884	0.3430454134941101
129	4856.659299673047	123.6226085293456	89.69207162596285	0.16450674831867218	0.1640394777059555
130	4893.9997035810375	123.84914511733223	90.42584389355034	0.16181331872940063	0.15907475352287292
131	4931.457491890993	121.07325853582006	89.79276991821826	0.1340181976556778	0.13326500356197357
132	4968.987208292994	117.79037693275313	89.66542931459844	0.15095484256744385	0.15076427161693573
133	5006.152747158019	119.07705675653415	88.92605097964406	0.18681888282299042	0.1835600584745407
134	5043.338291160995	121.35383135851589	88.98921814933419	0.17523297667503357	0.17245233058929443
135	5080.618364090042	118.03144228627207	89.23099021147937	0.1339084953069687	0.14053994417190552
136	5118.000482416013	116.93673974915873	88.89460529200733	0.16808603703975677	0.17591996490955353
137	5155.257992116036	119.19102306314744	88.36245171632618	0.1376633644104004	0.14307795464992523
138	5192.604989726038	119.29930060438346	87.45504172053188	0.19400335848331451	0.19071133434772491
139	5229.925894924032	116.28232775110519	87.71614225860685	0.18240202963352203	0.18886224925518036
140	5267.3285233870265	113.95309890495264	87.32743514981121	0.12992997467517853	0.1314399093389511
141	5304.71862008801	114.39682700431149	87.32679859176278	0.13312341272830963	0.13561639189720154
142	5342.16534273501	110.41506603214657	87.08962997701019	0.12593193352222443	0.12634487450122833
143	5379.526988614001	114.3564243503497	86.39614350628108	0.1330758035182953	0.13345134258270264
144	5416.890957501018	106.34767908923095	86.56595128402114	0.1159411147236824	0.11416784673929214
145	5454.517552433012	106.76686290593352	86.28209640365094	0.11601027101278305	0.11847983300685883
146	5491.860708668013	107.79288493440254	86.1608422268182	0.19187669456005096	0.19389063119888306
147	5529.228671942023	113.85967221405008	85.84943846706301	0.11519506573677063	0.12021250277757645
148	5566.5445256989915	106.54374418768566	85.67488173302263	0.12320156395435333	0.12749885022640228
149	5603.815461561026	110.31516467369511	85.47175287548453	0.15073062479496002	0.15203723311424255
150	5641.314192007005	105.40262112320488	84.90679773222655	0.14848190546035767	0.15044035017490387
151	5678.487527134013	106.82063473865855	84.85959149058908	0.10298368334770203	0.10674076527357101
152	5715.710659053002	104.3001041796233	85.695737012662	0.16564062237739563	0.16452884674072266
153	5753.08274437103	104.67163694581541	84.79516042023897	0.18202294409275055	0.1847962886095047
154	5790.556937162997	105.51887154069846	84.38790587801486	0.24146360158920288	0.2420409768819809
155	5827.825579587021	99.14189709103084	84.24451465252787	0.10222478210926056	0.1051587238907814
156	5865.247348692035	105.03407828672789	84.29625193960965	0.11936186254024506	0.12211552262306213
157	5902.753289885994	99.20293569317437	83.82596436608583	0.12314774096012115	0.1267138570547104
158	5940.0532922440325	97.63744106121885	83.85195502731949	0.15998059511184692	0.1654314398765564
159	5977.462344736035	101.08263306634035	83.64943378977478	0.1282781958580017	0.12915118038654327
160	6014.815135450044	99.55599408599664	83.37180783320218	0.16123118996620178	0.15912064909934998
161	6052.160317870032	99.11305980055477	82.89313249476254	0.16238856315612793	0.1680634766817093
162	6089.423221298028	95.82255324709695	83.3159752432257	0.10954161733388901	0.10827859491109848
163	6126.814361088036	98.39185056160204	82.68653896730393	0.14130078256130219	0.14571553468704224
164	6164.141528111999	97.38321159491898	82.62058227043599	0.22024275362491608	0.22525940835475922
165	6201.477953950001	97.46380894765025	82.76663044001907	0.14740103483200073	0.14784926176071167
166	6238.960929043009	99.2972412336967	82.51213508285582	0.09831573069095612	0.1007126048207283
167	6276.4480750200455	95.11435522336978	81.8255025157705	0.16612163186073303	0.16098186373710632
168	6313.831176790991	96.84093594754813	82.19756524916738	0.20419339835643768	0.2013724446296692
169	6351.192410524993	93.06249153928366	81.82584351487458	0.15071550011634827	0.1546897143125534
170	6388.457282041025	90.97930713376263	81.65659412741661	0.11965114623308182	0.11909130215644836
171	6425.6709227139945	93.67530128918588	81.90846105851233	0.1077466681599617	0.11108926683664322
172	6462.939895888034	92.68566698645009	80.92256366182119	0.1429443657398224	0.14327749609947205
173	6500.33526487503	94.16945426538587	81.00916512031108	0.11048348248004913	0.11421307921409607
174	6537.64242979401	91.65685245793429	80.9811858246103	0.11423347145318985	0.11444021761417389
175	6575.050824881997	93.0511236769089	80.79746804293245	0.09822225570678711	0.10437197238206863
176	6612.388861025043	89.94949361438921	81.10169224534184	0.11818324774503708	0.1192188411951065
177	6649.792997793003	92.78480879026756	80.75762696750462	0.1471039205789566	0.14875581860542297
178	6687.286725955026	91.06105247508094	80.8224181337282	0.12422007322311401	0.12470674514770508
179	6724.670549523027	91.19003709004028	80.27776771597564	0.09515751898288727	0.09819778800010681
180	6761.891167127003	90.2371005788591	80.5792611502111	0.12234460562467575	0.12335874140262604
181	6799.135619227018	89.76504253594976	80.07672141678631	0.16608011722564697	0.16522909700870514
182	6836.611270364025	90.80024335398775	79.78905911231413	0.1030687540769577	0.10573034733533859
183	6873.973532525008	90.08496958058095	79.715421914123	0.13918165862560272	0.13921372592449188
184	6911.343949889997	89.1138872038573	80.02320965286344	0.12800072133541107	0.12726016342639923
185	6948.500841032015	88.17060419698828	79.82200746424496	0.10356398671865463	0.10561934113502502
186	6985.927444010042	90.02649931045016	80.06202805135399	0.1147473081946373	0.11881453543901443
187	7023.326267865021	84.43287508757203	79.36947052925825	0.12669573724269867	0.13113170862197876
188	7060.9533502120175	84.10358098284632	78.91903147473931	0.10436326265335083	0.1115170493721962
189	7098.381024061993	84.01356753357686	79.00543705839664	0.29379698634147644	0.29621076583862305
190	7135.772103755036	88.3734960074944	79.44599448842928	0.099279023706913	0.09972496330738068
191	7172.96733367804	84.52560160773282	78.7154390104115	0.09455975890159607	0.09336226433515549
192	7210.462783285999	82.89736988693767	78.72458044905216	0.09919093549251556	0.10162605345249176
193	7247.90864758403	87.24377036328951	78.93219641596079	0.103425532579422	0.10896507650613785
194	7285.203700915037	82.39530820798973	78.29149429732934	0.1720982789993286	0.17779755592346191
195	7322.660403238027	83.37230899836868	78.30106956884265	0.1680118441581726	0.168493390083313
196	7359.930851994024	84.0902252466185	78.21614565700293	0.1058734729886055	0.10834121704101562
197	7397.4735154120135	79.85051474996726	78.4282413162291	0.22489064931869507	0.22794559597969055
198	7434.8500037610065	82.03617369085259	78.66846674447879	0.18256694078445435	0.18445844948291779
199	7472.164434708015	82.16706344217528	78.32607601443306	0.1220192015171051	0.12202777713537216
200	7509.667339153006	79.23948401323287	78.31870488310233	0.1493607610464096	0.1498613804578781
201	7547.039251681999	48.444872174964985	75.49129972979426	0.09176590293645859	0.09124161303043365
202	7584.197116698022	48.29817296730471	75.48541468940675	0.08380209654569626	0.08616115897893906
203	7621.626725320995	46.58716175415975	75.24457146599889	0.14859570562839508	0.15035589039325714
204	7659.232822688995	45.61496415286092	75.05707472097129	0.08970741927623749	0.09370577335357666
205	7697.363798484032	46.63182685445645	74.89742489997298	0.10824326425790787	0.10911784321069717
206	7734.998819592001	47.29676273171208	74.77422978542745	0.0830884799361229	0.08769771456718445
207	7772.339235005027	45.16093785380872	74.47807942610234	0.15986277163028717	0.15976294875144958
208	7809.506525590026	47.1299431788284	74.4392649885267	0.07948444038629532	0.08068384230136871
209	7847.019667970017	44.98069773442694	74.38037405442446	0.09450270235538483	0.0928104817867279
210	7884.409163688018	45.55135107522801	74.15649081207812	0.09106177091598511	0.0901782289147377
211	7922.082183786028	44.58066851913463	74.16208578553051	0.09016399830579758	0.09049008786678314
212	7959.580725188018	46.19494665259117	74.12110070791095	0.16272522509098053	0.1593669056892395
213	7997.1644807570265	45.11542529631697	74.09645894449204	0.08334901183843613	0.08727653324604034
214	8034.877009121992	44.865603856771486	73.83528954582289	0.08779080957174301	0.08984342962503433
215	8072.50679952302	43.20365286197921	73.76770287379622	0.08815941959619522	0.0890340656042099
216	8109.960194659012	44.38361632692249	73.89522526506335	0.08138429373502731	0.08270320296287537
217	8147.450600737997	44.18341621130821	73.65580473141745	0.08066029846668243	0.08248702436685562
218	8184.846239814011	43.38119236836792	73.72701972536743	0.08023949712514877	0.08240644633769989
219	8222.248338761041	44.185506278481625	73.45794112794101	0.08419350534677505	0.08671057969331741
220	8259.638376384042	45.032668113315594	73.54668767936528	0.09830950945615768	0.10096621513366699
221	8297.03211499704	44.133684530545	73.40213059447706	0.09196437895298004	0.09012750536203384
222	8334.409474302025	42.340142646673485	73.18203197931871	0.08094915002584457	0.07950372993946075
223	8371.981489984028	43.71910952865437	73.17419350333512	0.13469989597797394	0.13382133841514587
224	8409.409649761044	43.03952653310262	73.1434684554115	0.0939820259809494	0.09513051062822342
225	8446.856726462021	42.66712050611386	73.23711071768776	0.09765507280826569	0.1000690683722496
226	8484.426973443013	42.71386029370478	72.97539697773755	0.08767204731702805	0.08779280632734299
227	8521.713523993036	43.376267028274015	73.0629528881982	0.10114001482725143	0.10249099135398865
228	8559.108223209041	41.26755313950707	72.60269791586325	0.10019824653863907	0.10000550001859665
229	8596.757670841005	42.0409016784979	72.83686650171876	0.09124498814344406	0.09439538419246674
230	8634.391059656045	42.300677016166446	72.68619974562898	0.09088468551635742	0.0918872058391571
231	8671.964683155995	41.75376087082259	72.54876505862921	0.075604647397995	0.07478044182062149
232	8709.560021680023	41.128964251620346	72.62916150130332	0.08179502934217453	0.08314894139766693
233	8746.999512332026	41.82655505709408	72.48111452255398	0.08628625422716141	0.08769498765468597
234	8784.650856591004	42.51765432651155	72.35201414348558	0.07857022434473038	0.08067993074655533
235	8822.063536750036	40.56146759359399	72.48550018062815	0.1537894755601883	0.15004341304302216
236	8859.569137378014	40.85173209728964	72.47774642659351	0.08272261917591095	0.08630058169364929
237	8896.95785825001	40.68426508993434	72.24389008013532	0.10810811817646027	0.10659883916378021
238	8934.474964386027	41.45440813891764	72.23557051923126	0.08763860166072845	0.08774267137050629
239	8971.856919670012	40.14590337188565	72.65143636567518	0.08593419939279556	0.08890850096940994
240	9009.271522744035	40.90461997043167	72.18686354998499	0.12470146268606186	0.12686695158481598
241	9046.591338515049	40.981420982927375	71.98780811298639	0.08604025840759277	0.08618173003196716
242	9084.089112931048	39.385567913530394	71.97802607202902	0.08025139570236206	0.08209308981895447
243	9121.60268775199	41.26592417623033	71.93293421436101	0.08867733180522919	0.0901709794998169
244	9158.673156075994	40.009710061582155	71.96223764773458	0.08023423701524734	0.08349799364805222
245	9196.201247460034	39.60093862249414	71.91869830340147	0.1479036509990692	0.14682187139987946
246	9233.517662927043	40.811272192164324	71.96081161219627	0.09347593039274216	0.09352827817201614
247	9271.063546969031	39.78390020356164	71.91553169908002	0.12724032998085022	0.1252720057964325
248	9308.536946034	38.475264115215396	71.81412456883118	0.07453174144029617	0.07815513759851456
249	9346.079911601031	39.958318475139095	71.7890628380701	0.1362006664276123	0.13992847502231598
250	9383.315667168004	37.564023888262454	71.583371209912	0.08398348093032837	0.08343184739351273
251	9420.69492511102	40.18562492628553	71.65386689826846	0.08777046948671341	0.08819866925477982
252	9457.975835518038	38.969180211301136	71.40926127042621	0.09681469202041626	0.09684226661920547
253	9495.391435294005	38.663598108061706	71.45733616920188	0.08128870278596878	0.08096395432949066
254	9532.844821960025	39.07691769487792	71.292077280581	0.15231913328170776	0.15281663835048676
255	9570.034929994028	38.708187063868536	71.34265327034518	0.07493427395820618	0.07701484113931656
256	9607.339127503044	38.25815335471998	71.2976640406996	0.14195986092090607	0.14313195645809174
257	9644.894892028999	38.54658579027455	71.20275681326166	0.07695664465427399	0.07864807546138763
258	9682.28995031101	38.50503589907021	71.41907564364374	0.08679234981536865	0.08747830986976624
259	9719.76449149102	39.33162608231214	71.13442574394867	0.09498032927513123	0.09249582141637802
260	9757.192894014006	37.079630828651716	71.01433484070003	0.09208419173955917	0.09114422649145126
261	9794.363748291042	37.4603542938421	71.22305607749149	0.09530682861804962	0.09643639624118805
262	9831.64311143104	37.722572045895504	71.08088361751288	0.08122832328081131	0.08020880818367004
263	9868.957021485025	37.351654209633125	71.01778985699639	0.08716470003128052	0.08498711884021759
264	9906.312077481009	37.00340300377138	70.8797254273668	0.08106761425733566	0.08158452063798904
265	9943.795450540027	37.3108995911025	71.00799893867224	0.09526398032903671	0.09133464097976685
266	9981.07496394799	37.22606047982117	70.78196381404996	0.07917524129152298	0.07674594968557358
267	10018.940631719015	37.561974034535524	70.81728219147772	0.10308412462472916	0.10332709550857544
268	10056.418040729011	37.79404432029696	70.93481137184426	0.07207856327295303	0.07324632257223129
269	10093.693025426997	37.48901424459473	70.75508219143376	0.07432146370410919	0.07661142945289612
270	10131.036035670026	37.21534728107508	71.19126592390239	0.07529508322477341	0.07671716064214706
271	10168.499897041009	38.34289666076074	70.587030924391	0.08671490848064423	0.08579125255346298
272	10205.764054457017	36.67598734748026	70.44869215972722	0.08088400214910507	0.0821470320224762
273	10243.280907775043	38.04463433888304	70.43546166317537	0.07992342114448547	0.07922371476888657
274	10280.708303566033	36.04272631897766	70.46902930410579	0.07813820987939835	0.07896670699119568
275	10318.179405304021	37.596807361769606	70.45721988705918	0.08570132404565811	0.08578810095787048
276	10355.755731602025	36.32267199753551	70.49772670585662	0.1006353497505188	0.0975702777504921
277	10393.167277228029	35.217988604228594	70.6344480952248	0.08980494737625122	0.08593587577342987
278	10430.506578090019	36.331796899059555	70.39450973412022	0.13417382538318634	0.1328589916229248
279	10467.900019554014	36.64008408888185	70.11091500101611	0.07556479424238205	0.07753752171993256
280	10505.227409778046	37.02036937941739	70.54957342054695	0.14764663577079773	0.14635108411312103
281	10542.731836512045	35.71020672075247	70.30335181718692	0.11384409666061401	0.11690638959407806
282	10580.087598561018	34.76326699899073	70.34329325240105	0.07323771715164185	0.07652988284826279
283	10617.471672126034	36.43979963057791	70.37617975100875	0.08516289293766022	0.08405759930610657
284	10654.663823408016	34.42702412442304	70.06265231966972	0.09797403216362	0.09727120399475098
285	10692.027172272035	36.37402650758668	70.25679401634261	0.07608998566865921	0.07588209956884384
286	10729.353229854023	33.99352666219056	70.02531646611169	0.07866702228784561	0.08061745017766953
287	10766.701623419998	38.08378020024247	70.05417755851522	0.07238607853651047	0.07223416864871979
288	10804.167935976991	34.338381198685966	69.89455575635657	0.08077003061771393	0.08041712641716003
289	10841.650546290039	35.11174151610612	69.84367223829031	0.082070492208004	0.08284963667392731
290	10879.146181777993	35.16693143374869	69.92454719776288	0.08707825839519501	0.0854295939207077
291	10916.395855531038	34.74916792298609	69.80750322015956	0.12426190078258514	0.12368561327457428
292	10953.818396735005	35.15568257470295	69.64766634115949	0.08302720636129379	0.08703214675188065
293	10991.405276342004	35.244293020499754	69.98190110176802	0.08262217044830322	0.08401308953762054
294	11028.926767932018	34.96872707316652	70.0898939636536	0.0807797834277153	0.08197386562824249
295	11066.318238644046	35.875607619746006	69.81504558539018	0.10320401936769485	0.1022903174161911
296	11103.688538093003	34.51159374828421	69.638230540324	0.07626920193433762	0.07823427021503448
297	11141.024643009994	35.00739327882911	69.8599189943634	0.09035421162843704	0.09082590043544769
298	11178.637300906004	34.90595343004679	69.44764914829284	0.11817800998687744	0.1209506019949913
299	11216.098167653021	34.51253104408897	69.58218242879957	0.10535739362239838	0.10528197884559631
300	11253.528500610031	34.39873528946191	69.73016123613343	0.09624452888965607	0.09737449139356613
301	11290.907112788002	34.10411706585728	69.38034050446004	0.08630544692277908	0.08454941213130951
302	11328.487183470046	33.75821069556696	69.56735618645325	0.07675176858901978	0.0750604197382927
303	11365.870291392028	33.3079311923575	69.30301741464064	0.08689060062170029	0.08962075412273407
304	11403.47265321901	34.752292939127074	69.46741121355444	0.10198599845170975	0.10279318690299988
305	11441.131202451012	34.12547544322297	69.39345163665712	0.0768546462059021	0.07486716657876968
306	11479.130545819993	33.511716484092176	69.51904571754858	0.07631320506334305	0.0754065215587616
307	11516.579686164041	33.62911647184956	69.20679803658277	0.07442586123943329	0.0742717757821083
308	11553.981735075999	33.560604833030084	69.18206285312772	0.07681121677160263	0.07599499076604843
309	11591.428845786024	33.48724991589552	69.24303106311709	0.16869066655635834	0.17061007022857666
310	11628.930992296024	33.86768721486442	69.50841781217605	0.07794498652219772	0.07653669267892838
311	11666.316530251002	32.780406783058424	69.35098166204989	0.12239545583724976	0.12105327844619751
312	11703.868649466021	33.6791945739169	69.04032448679209	0.08043992519378662	0.08202457427978516
313	11741.223142920993	34.00025656746584	69.12649920210242	0.07606801390647888	0.0768982544541359
314	11778.984607828024	34.24231640990183	68.98813723912463	0.09230281412601471	0.09204087406396866
315	11816.465804120991	33.78921353413898	69.36222700728104	0.11908604204654694	0.11830102652311325
316	11853.87688953604	33.71423468651483	68.9238738771528	0.07496925443410873	0.07857327163219452
317	11891.209629587014	32.75984147832787	69.10531324986368	0.09637589007616043	0.09796635806560516
318	11928.638370333007	34.204755576127354	68.88303326210007	0.1394720822572708	0.13849635422229767
319	11966.063004377007	33.58835012829513	69.18140966026112	0.11791277676820755	0.1183987408876419
320	12003.645042006043	34.073962803820905	68.81548706442118	0.07106627523899078	0.07249777019023895
321	12041.03428123804	32.485778524001944	69.03542406531051	0.0842725858092308	0.08542340248823166
322	12078.447481434036	33.10204118071124	69.15054035186768	0.11420281231403351	0.11219032853841782
323	12115.783414294012	31.938420342405152	68.7753539653495	0.11333343386650085	0.11516264081001282
324	12153.15032937302	33.14455798106792	68.78215291677043	0.07374773919582367	0.07811674475669861
325	12190.43578983203	32.67785362881477	68.89809597516432	0.0883091390132904	0.08806265145540237
326	12227.77004931902	32.04269411240966	68.75678305514157	0.09337004274129868	0.09578476846218109
327	12265.11823634	32.820981158180075	68.68180907564238	0.08824486285448074	0.08924583345651627
328	12302.783479264996	32.47347112822172	68.9003556673415	0.07923278212547302	0.07637915015220642
329	12340.148929442046	33.17095820030954	68.89322333224118	0.10326339304447174	0.10110285133123398
330	12377.598098485032	31.276714551771875	69.10237006144598	0.07035882025957108	0.07139065116643906
331	12415.030501270026	32.139168939058436	68.75982475327328	0.16219307482242584	0.1603960394859314
332	12452.603597052046	32.25676223539631	68.49376968899742	0.10470134764909744	0.10532942414283752
333	12489.897840544	30.938053255351406	68.48535009939224	0.07617653906345367	0.07674705982208252
334	12527.199205740995	31.723480882050353	68.35650890832767	0.10220521688461304	0.1045120358467102
335	12564.635164711042	32.594530689006206	68.53875945368782	0.07397608458995819	0.07432962208986282
336	12601.79742694	32.057221548078815	68.62427995027974	0.07512012869119644	0.07666042447090149
337	12639.486708067998	31.492040342924156	68.23095298046246	0.09271546453237534	0.09120970219373703
338	12677.032478887006	31.43800407409435	68.34602437959984	0.0706169456243515	0.07481902092695236
339	12714.228680114029	31.42506149597466	68.87064321292564	0.07956502586603165	0.07885341346263885
340	12751.657226307027	30.505510283153853	68.4653593627736	0.07463813573122025	0.07636795192956924
341	12789.455661916	32.25719644590936	68.48779033869505	0.08352378755807877	0.08186345547437668
342	12826.608784270997	31.61000782501651	68.54595074057579	0.07938089966773987	0.07918138802051544
343	12864.007821393025	30.33808436761319	68.5438680020161	0.07559744268655777	0.07466098666191101
344	12901.503351081046	32.102655417635106	68.45406660577282	0.12781774997711182	0.13162191212177277
345	12938.963561368	30.49634210597651	68.31271868059412	0.07081307470798492	0.07168953865766525
346	12976.28749595501	32.10158982529174	68.37895917100832	0.07607065141201019	0.07780139893293381
347	13013.618530542997	31.206668906103005	68.13653774699196	0.0832616314291954	0.0787084549665451
348	13050.916927157028	30.314275597593223	67.92801794409752	0.08457124978303909	0.08434297889471054
349	13088.245416157006	31.06857261312689	68.15758379222825	0.1055528074502945	0.10513761639595032
350	13125.548293536005	30.850529244111385	68.12863837182522	0.07778537273406982	0.07821717113256454
351	13163.006826060999	30.299509396441863	68.1813037940301	0.07074155658483505	0.06923500448465347
352	13200.362033062032	31.57846257327037	67.96249326923862	0.07977516204118729	0.07925727963447571
353	13237.738087731006	31.360942712610267	67.75771520426497	0.07076862454414368	0.0705789253115654
354	13275.090032013017	31.41167388552276	67.93028306728229	0.10304579883813858	0.10281945765018463
355	13312.672835278034	30.281209696586302	67.83907220466062	0.11571794003248215	0.11241893470287323
356	13350.040110377013	30.756515999804833	67.8924741554074	0.08421049267053604	0.08531118184328079
357	13387.528367365012	30.985819837864256	67.64156086370349	0.06583279371261597	0.0677633062005043
358	13424.774722339993	31.243927856179653	68.18093306850642	0.12127789109945297	0.12232395261526108
359	13462.034156152047	31.65724664206209	67.71771507989615	0.08697311580181122	0.08823082596063614
360	13499.498548354022	30.130887834035093	67.74781734496355	0.1461937129497528	0.14439384639263153
361	13536.919349359	29.81960698338662	67.95882402686402	0.07301712781190872	0.07228007912635803
362	13574.301160669012	30.195490378104296	67.8761623208411	0.07176394760608673	0.0744386836886406
363	13611.696191421011	31.14604932104703	67.76437506312504	0.07139599323272705	0.07074318826198578
364	13648.95417185704	30.44993470555346	67.65308470185846	0.07395189255475998	0.07483606785535812
365	13686.423207189015	30.507146785275836	67.76252837758511	0.07476981729269028	0.07140763849020004
366	13723.912650106999	29.65355044521857	67.78851101966575	0.06985457986593246	0.06909924000501633
367	13761.263783459028	31.30547738444875	67.88368087355047	0.09828054904937744	0.10248790681362152
368	13799.225233723002	29.780625381266873	67.75994166685268	0.07881572097539902	0.07725589722394943
369	13836.717858772026	30.081273677162244	67.59591154009104	0.07896946370601654	0.0804930180311203
370	13874.074581363995	30.079439750476013	67.66014454467222	0.09499486535787582	0.09623105078935623
371	13911.477274057048	29.82571842968173	67.80792810954154	0.08045694977045059	0.08030954003334045
372	13948.987079693004	30.604993521381402	67.71679678279907	0.13685652613639832	0.13515016436576843
373	13986.343591597048	29.896232641254755	67.55400536907837	0.08798646926879883	0.08659101277589798
374	14023.581568930007	29.419339996286	67.37827886873856	0.07969612628221512	0.07990468293428421
375	14061.011191900994	30.10206850086979	67.45285877771676	0.12435179948806763	0.12248287349939346
376	14098.304456858023	30.703323100926355	67.4202024359256	0.06994511187076569	0.06850476562976837
377	14135.720533329004	29.400365947716637	67.31647017085925	0.18044430017471313	0.1783512532711029
378	14173.106054355041	29.20649401454284	67.37311028596014	0.0714411810040474	0.07080846279859543
379	14210.605988052033	30.197278813662706	67.5391819672659	0.10237446427345276	0.10203444957733154
380	14248.027259664028	28.90684047853574	67.4963693972677	0.08927827328443527	0.0896945595741272
381	14285.239642928005	28.523023687957902	67.25588973239064	0.14654095470905304	0.1453787088394165
382	14322.465450613003	29.50246953239548	67.12677741562948	0.07501522451639175	0.07361126691102982
383	14359.874503244995	30.573450483905617	67.44028395414352	0.07264779508113861	0.07318653911352158
384	14397.203884717019	30.35464531344769	67.36815628455952	0.13833129405975342	0.13894382119178772
385	14434.436073079996	29.179865966172656	67.58695425000042	0.07860904186964035	0.08198873698711395
386	14471.794334457023	28.421825665856886	67.39383546635509	0.07230956107378006	0.07351881265640259
387	14508.958539019048	30.89476579361508	67.21244983421639	0.08082620799541473	0.08004993945360184
388	14546.395993982034	29.5658150298259	66.95703412592411	0.07802262157201767	0.07956104725599289
389	14583.631171750021	28.179000635271223	67.07101162523031	0.12121152877807617	0.12054050713777542
390	14621.105100696033	29.680515463100164	67.15270113945007	0.0681389644742012	0.06803353130817413
391	14658.51282131602	29.31887419292616	67.35804823879153	0.11080008000135422	0.1088261604309082
392	14695.981480053044	28.39833527044175	67.08821745729074	0.077183298766613	0.07647562772035599
393	14733.456879930047	29.638946296410722	66.98376912809908	0.06915109604597092	0.06794095784425735
394	14771.020399572037	29.400575697043678	67.11666371440515	0.07027623057365417	0.07028284668922424
395	14808.41789973504	28.84162310224201	67.23816127050668	0.09660203754901886	0.09481236338615417
396	14845.92627772002	28.331898955526412	67.08896764926612	0.10605393350124359	0.10869471728801727
397	14883.240064975049	27.975116591071128	67.20592089276761	0.07793965190649033	0.0776839330792427
398	14920.592421349022	27.65826761378412	67.05919142952189	0.13184811174869537	0.13287299871444702
399	14957.920274438045	28.293071652879007	67.14175716368482	0.07273884862661362	0.07289376109838486
400	14995.176074834017	29.950924014425254	66.83760800817981	0.13235574960708618	0.1325773298740387
401	15032.604941469035	18.059775358542538	65.81845109537244	0.06665568053722382	0.06646255403757095
402	15070.046569886035	18.011720414702722	65.89094139682129	0.0647544115781784	0.06503365188837051
403	15107.432368576003	17.609078549558035	65.76027794973925	0.07385532557964325	0.07282902300357819
404	15144.620679107029	17.476914990940713	65.9580428339541	0.06320001184940338	0.06304547935724258
405	15181.84610253101	17.903323459901003	65.77391552599147	0.06274900585412979	0.061801694333553314
406	15219.302038576046	17.524691962393263	65.78469358384609	0.07098080962896347	0.07221484929323196
407	15256.650351662014	17.61630886940111	65.66835612943396	0.07424430549144745	0.07393351197242737
408	15294.087747120997	17.85792439380384	65.56401628861204	0.06132670119404793	0.062311235815286636
409	15331.552896991023	17.671564531647164	65.6880835336633	0.06931532174348831	0.06977011263370514
410	15368.859910468047	17.49757581308222	65.6643156753853	0.08075491338968277	0.07870016247034073
411	15406.302435017016	17.208816280453902	65.52729273401201	0.06551493704319	0.06521507352590561
412	15443.779395228019	17.872328865611053	65.62270404072478	0.06345005333423615	0.06358450651168823
413	15481.247454520024	17.149128308890795	65.60589767061174	0.0671403706073761	0.06677091866731644
414	15518.69791423803	17.418725732772145	65.56139387190342	0.06384029984474182	0.06355924159288406
415	15556.147932084044	17.14442670770586	65.50101076764986	0.06495337933301926	0.06467793881893158
416	15593.454207981005	17.500180120227014	65.58226572582498	0.06400247663259506	0.06408551335334778
417	15630.840609491046	17.245355827792082	65.42103294609115	0.06412768363952637	0.06376079469919205
418	15668.291447759024	17.43774655094603	65.42730757594109	0.07206366956233978	0.07139784842729568
419	15705.643229256035	16.983957395350444	65.68724579317495	0.09593576192855835	0.09334298223257065
420	15743.036151559034	17.10810957432841	65.45886419340968	0.07798697799444199	0.07604451477527618
421	15780.477813419013	17.281685638434283	65.50165272550657	0.06763795018196106	0.0702248364686966
422	15818.302926580014	17.047323506361863	65.3153027575463	0.06807724386453629	0.06919274479150772
423	15855.670848694048	17.20484211211442	65.40274256607518	0.06299222260713577	0.06208239495754242
424	15893.191050461028	17.23263568060065	65.32262094691396	0.06985202431678772	0.06871943175792694
425	15930.575195094047	16.761871787002747	65.39549093833193	0.10378565639257431	0.10205019265413284
426	15967.859657252033	16.988720914050646	65.33988695126027	0.06215227395296097	0.06147778779268265
427	16005.548099458043	16.660715382669878	65.29306274093688	0.08606740087270737	0.08438170701265335
428	16043.130279776	16.83098170413723	65.23631530813873	0.06463263928890228	0.06528743356466293
429	16080.445093420043	16.709649421274662	65.21215897565708	0.07254770398139954	0.07154910266399384
430	16117.788973464048	16.902156288291735	65.22869019350037	0.0735979825258255	0.07317014038562775
431	16155.44525488303	16.64265060906473	65.30921291559935	0.07903513312339783	0.07673991471529007
432	16192.869337369048	17.27817497514843	65.197235702537	0.07471922039985657	0.07406856119632721
433	16230.305302460038	16.884169702978397	65.16611093468964	0.07168079912662506	0.07138402760028839
434	16267.684868663026	16.905727267076145	65.1082924590446	0.0751030221581459	0.07490621507167816
435	16305.203010561992	16.23982625179997	65.19731007609516	0.06279070675373077	0.06382973492145538
436	16342.483767614001	16.736435979935777	65.06034310441464	0.0746917799115181	0.07478391379117966
437	16379.82800310303	16.474458235930797	65.19546768069267	0.07718009501695633	0.07850218564271927
438	16417.26824460301	16.5585136704467	65.26350256893784	0.06694626063108444	0.06595057249069214
439	16454.690194765048	16.78777575391723	65.35340632079169	0.06319411098957062	0.06331881880760193
440	16492.285158715036	16.821386815401638	65.12643436063081	0.07828256487846375	0.0798589438199997
441	16529.98215388204	16.74822088284418	65.22411782667041	0.06709041446447372	0.06736810505390167
442	16567.510118066042	16.439952951426676	65.12870646035299	0.06811347603797913	0.06690391153097153
443	16604.98079132603	16.35866159453508	65.0115460366942	0.09206201136112213	0.09088439494371414
444	16642.340473711025	16.350408365051408	65.09116666857153	0.07091400772333145	0.07022305577993393
445	16679.913111966045	16.34063493886788	65.12119399663061	0.06894384324550629	0.0679570883512497
446	16717.589346541034	16.350729256086197	64.92151764594018	0.06209521368145943	0.06307321786880493
447	16755.033712903038	16.431630494866113	64.9428121256642	0.06482705473899841	0.06367576122283936
448	16792.417850664002	16.411805064362852	65.1270569912158	0.06418321281671524	0.06327472627162933
449	16829.658152132004	16.30284840807144	65.10330921504647	0.07465720176696777	0.0727090910077095
450	16867.124933684012	16.142676074821793	65.00271081458777	0.061442188918590546	0.06089545786380768
451	16904.51858048304	16.735833634509618	64.94827453885227	0.0835614874958992	0.08415680378675461
452	16942.05347554502	16.078883431899158	65.03987660771236	0.06482478976249695	0.06305839121341705
453	16979.561338133004	16.385818940387253	65.06531471107155	0.06317911297082901	0.06371161341667175
454	17017.201461524994	16.756291475518083	64.9178951587528	0.07850430905818939	0.07776487618684769
455	17054.542972810043	16.195553463832766	64.82985042687505	0.06326859444379807	0.06150967627763748
456	17091.890853060002	16.251043960044626	64.82235716143623	0.08907151967287064	0.08807957917451859
457	17129.358706219995	16.526327683048294	65.18684683460742	0.0615939199924469	0.06078702583909035
458	17166.67158961104	16.058257056640286	64.93663849215955	0.061450619250535965	0.06235232576727867
459	17204.324853848026	15.672239545310731	64.84735802654177	0.06647048145532608	0.06349422037601471
460	17241.663756266003	16.11779390868469	64.78189054131508	0.07635102421045303	0.07350493967533112
461	17279.30023639003	15.71436440497564	64.85772717930377	0.06966442614793777	0.06813006848096848
462	17316.60531192401	15.727674120367737	64.8562063453719	0.07117945700883865	0.07110870629549026
463	17354.049630552006	15.797253700733563	64.72369094192982	0.0639469102025032	0.06295385956764221
464	17391.507643068035	16.285868874998414	64.83910121954978	0.06159284710884094	0.06236998364329338
465	17428.92753473803	15.838060978756403	64.79376420238987	0.07206496596336365	0.07110791653394699
466	17466.249260913	15.904953892546473	64.7924505090341	0.06589128822088242	0.06531070917844772
467	17503.600794656028	15.659834284710087	64.65320801129565	0.06202862784266472	0.0624336376786232
468	17541.060225198045	15.947109734330297	64.69071359513327	0.06150366738438606	0.061745963990688324
469	17578.642712389992	15.549103595403722	64.99087787372991	0.06296546012163162	0.06252670288085938
470	17616.04337766202	16.253696590156324	64.51071245316416	0.07084977626800537	0.07084926962852478
471	17653.37337611604	15.982159674967988	64.70884365448728	0.0655425637960434	0.06511040776968002
472	17690.478390474047	15.656312569659349	64.69028410175815	0.06541873514652252	0.06413086503744125
473	17727.801183648	15.661414203041204	64.60338589735329	0.06821266561746597	0.0664139911532402
474	17765.216872728022	15.799920374116482	64.74481510883197	0.06237974017858505	0.06260425597429276
475	17802.505889858992	15.683462652454182	64.65007646987215	0.07135811448097229	0.06946613639593124
476	17840.074638020014	15.62579570336311	64.76800285512581	0.06742897629737854	0.06470609456300735
477	17877.499012621993	15.725446887245198	64.53235981846228	0.06327010691165924	0.06222657114267349
478	17915.001885047997	15.830310475736042	64.6413036105223	0.06704774498939514	0.0670047253370285
479	17952.434008596	15.640149101065617	64.5931971189566	0.0776459127664566	0.07599280029535294
480	17989.830264182005	15.78711763129104	64.6008067582734	0.0695701315999031	0.0694083645939827
481	18027.136690807005	15.894265111306595	64.66672225110233	0.06458202004432678	0.06546269357204437
482	18064.52744402102	15.738461630353413	64.58545380597934	0.0703473910689354	0.06940912455320358
483	18102.127611816046	15.685791732317739	64.70351734664291	0.06629206985235214	0.06344611942768097
484	18139.46733197203	16.015894576332357	64.53514494048432	0.06632076948881149	0.064505934715271
485	18176.779851435043	15.930433642482967	64.58645872911438	0.06483301520347595	0.06472382694482803
486	18214.276537165046	15.118928747244354	64.59304046072066	0.061865393072366714	0.06186890974640846
487	18251.50832611404	15.24049636980999	64.60841341037303	0.07820644229650497	0.07493636012077332
488	18289.04353988002	15.39915105169348	64.52338395500556	0.06925075501203537	0.07092703133821487
489	18326.397610282	15.857845908798481	64.65603232942522	0.06214074045419693	0.060933634638786316
490	18363.809460959048	15.363297047384549	64.42742688721046	0.06834430247545242	0.06682762503623962
491	18401.550876402995	14.993996784054616	64.46476895781234	0.06792030483484268	0.06873536854982376
492	18439.095161062025	15.382762563996948	64.50828521465883	0.06159044802188873	0.060760654509067535
493	18476.513233543024	15.409045809556119	64.42654522927478	0.07427144050598145	0.07242631167173386
494	18513.895858955046	15.126725982663629	64.50558828748763	0.06455136835575104	0.0625169426202774
495	18551.26806251303	14.983468036411068	64.49759911326692	0.0711759477853775	0.06981635093688965
496	18588.651710794016	15.705178773168882	64.45020507299341	0.06894181668758392	0.06846543401479721
497	18625.944614445034	15.371863997399487	64.50241040857509	0.0702345222234726	0.07015793025493622
498	18663.583088260028	14.904543867931352	64.5362479952164	0.06567917764186859	0.06433660537004471
499	18700.84304840304	15.33125754260982	64.41896121902391	0.06590882688760757	0.0662412941455841
500	18738.132668753038	15.005756399605161	64.26835320470855	0.06694062799215317	0.06500765681266785
501	18775.48658269603	15.691142839859822	64.50640701223165	0.08158592134714127	0.08091671764850616
502	18812.955283920048	15.314605104660586	64.33926009153947	0.06640611588954926	0.06564868986606598
503	18850.296166165033	14.995726354183716	64.5638105054386	0.07293160259723663	0.07109111547470093
504	18887.532846104004	15.620134880435216	64.3885037577711	0.0638519823551178	0.06322676688432693
505	18925.130314725044	15.247560264779167	64.47326970333233	0.06825213134288788	0.0686865746974945
506	18962.477100033022	15.260317470401787	64.4125858200714	0.07479790598154068	0.07351314276456833
507	18999.97999976104	14.766362904207199	64.33284608460963	0.06661928445100784	0.06490302830934525
508	19037.288163815043	15.379442761666724	64.33532240474597	0.0678466185927391	0.06727296113967896
509	19074.903902499005	15.081531764710235	64.22193352272734	0.07334477454423904	0.07071426510810852
510	19112.220763401012	15.386264434069744	64.27579703042284	0.06666944175958633	0.06697041541337967
511	19149.647612663044	14.976119741328148	64.46030802279711	0.072442427277565	0.07350939512252808
512	19186.899107669014	15.247610153204732	64.148700626567	0.061445966362953186	0.06083546206355095
513	19224.34823933104	15.3297422790165	64.15822772774845	0.062291599810123444	0.061472468078136444
514	19261.802290588035	14.863527776218689	64.36304510803893	0.06578627228736877	0.0652075707912445
515	19299.153296607023	15.015124007848499	64.24437592411414	0.06707436591386795	0.06838846206665039
516	19336.71342851501	14.516657881926221	64.19561888743192	0.07284444570541382	0.07184077054262161
517	19374.021051874035	15.035650865014759	64.2805173676461	0.09678526967763901	0.09638888388872147
518	19411.499191564042	15.092184065266338	64.23366096662357	0.06303492933511734	0.06057487428188324
519	19449.03922273201	14.777143813571456	64.31266743596643	0.0688578337430954	0.06946851313114166
520	19486.446176466998	14.923107830036315	64.0380660542287	0.07164967805147171	0.07024307548999786
521	19523.67001747602	14.721436311927391	64.31352808466181	0.09435268491506577	0.09396467357873917
522	19561.214643044048	14.80489691218827	64.23691187240183	0.06437724083662033	0.06305558979511261
523	19598.571971480036	14.571350224705384	64.20751389907673	0.0639101192355156	0.06322132050991058
524	19636.133391298004	14.795702587623964	64.32400313019753	0.06378155946731567	0.06320306658744812
525	19673.42866951303	14.967803069634101	64.26022345665842	0.06836573034524918	0.06780382245779037
526	19710.902111540025	14.68671608657678	64.05846541142091	0.06099746748805046	0.060779180377721786
527	19748.258420697006	14.695098583164508	64.08858330873773	0.06608141213655472	0.06544476002454758
528	19785.696351409017	14.585502704576356	64.07068803953007	0.07893993705511093	0.0767374038696289
529	19823.105006547004	15.034722658761893	64.08249065745622	0.06722947210073471	0.06682009994983673
530	19860.517098094046	14.600345582093723	64.19522027019411	0.06868724524974823	0.06555876135826111
531	19897.816036174016	14.888819102809066	64.24835693323985	0.06122643128037453	0.05986335873603821
532	19935.08592970803	14.420981105060491	64.0291958139278	0.06123238429427147	0.060164351016283035
533	19972.412817537028	14.469380436479696	64.07399870082736	0.0679304376244545	0.06737569719552994
534	20009.959893081046	14.677920750349585	64.03821097314358	0.061804912984371185	0.06101483106613159
535	20047.32388036803	15.06370676890947	64.03785096760839	0.0658140629529953	0.064869225025177
536	20084.85407818103	14.513135828841769	64.05541356047615	0.07634051144123077	0.07666003704071045
537	20122.410336661036	14.949180567200528	64.19222970819101	0.0633407011628151	0.06295266002416611
538	20159.901335150003	15.047971884974686	64.1114643807523	0.07438565790653229	0.07457800954580307
539	20197.147017123003	14.23579568389323	64.10983541794121	0.06363971531391144	0.06416623294353485
540	20234.641045294993	14.970369498307264	64.07567884447053	0.07380589842796326	0.07305274158716202
541	20271.962904451997	14.095703033359314	64.11799070611596	0.06340368092060089	0.06323094666004181
542	20309.314666085993	14.53460029225971	64.11005378095433	0.07565133273601532	0.07452279329299927
543	20346.792580409034	14.612021748660482	64.02235686499625	0.0622393973171711	0.060250960290431976
544	20384.111867104017	14.70081787198069	63.99953388469294	0.06450837850570679	0.06351308524608612
545	20421.52836589201	14.47091356868259	63.855856264941394	0.06119305640459061	0.05984801426529884
546	20458.945862790046	14.38061097820173	63.922778458334506	0.06383298337459564	0.06223279610276222
547	20496.24240228202	14.35037098583416	64.14409704785794	0.06082530692219734	0.059037018567323685
548	20533.65749953303	14.484124307618913	63.95454637333751	0.07700248062610626	0.07503676414489746
549	20571.010475657007	14.649252529023215	64.05647558486089	0.06562094390392303	0.06338585913181305
550	20608.25998359802	14.171470887686155	64.07794914348051	0.06288685649633408	0.06126605346798897
551	20645.569169413997	13.86030285884408	63.862715715542436	0.07208909839391708	0.07069139182567596
552	20682.956842153042	14.590007064445672	63.93195403693244	0.06522376090288162	0.06498083472251892
553	20720.323673798994	13.924525614260347	63.8794174157083	0.06352341175079346	0.06252626329660416
554	20757.773344590038	14.169248834197788	63.924038612283766	0.0735834464430809	0.07157120108604431
555	20795.212065547996	14.40739064175068	64.06323870643973	0.07621995359659195	0.07428278774023056
556	20832.518817431002	14.495914801660547	63.98921382287517	0.0692753717303276	0.07045922428369522
557	20869.91866682202	14.334748345067055	63.818353643640876	0.063296377658844	0.06287863105535507
558	20907.350235035003	14.15165203935976	63.912913078442216	0.06223461404442787	0.060852713882923126
559	20944.825912692002	14.135256533609208	63.87006256682798	0.08400832861661911	0.08230963349342346
560	20982.247974984	13.875889394410478	63.86635674536228	0.07097436487674713	0.07147423923015594
561	21019.59990886203	14.5229879533872	63.76685458840802	0.06315448880195618	0.06242809817194939
562	21057.066294468998	14.374031540632132	63.80185354594141	0.059565648436546326	0.060180749744176865
563	21094.37046365504	14.117483209950478	63.87642231443897	0.08733111619949341	0.08647827059030533
564	21131.738765186048	14.122788314958598	63.729092543479055	0.08968017995357513	0.08791837841272354
565	21169.143363329	14.555515574837045	63.7632403774187	0.07883348315954208	0.0765804722905159
566	21207.036900889012	13.97655333275543	63.757720502559096	0.0672805979847908	0.06678532809019089
567	21244.930641103012	13.572903885651613	63.82535871770233	0.06003645062446594	0.05979536101222038
568	21283.388982341043	13.965034945653315	63.8613104801625	0.06787841767072678	0.06843652576208115
569	21320.784175214998	14.02619423928627	63.628569456283	0.06739340722560883	0.06643781810998917
570	21358.197405854997	13.921458911576337	63.72426642058417	0.07288842648267746	0.07040546834468842
571	21395.70491430303	14.178698780586274	63.91747998492792	0.06253058463335037	0.06167556345462799
572	21433.101240082993	14.028349632972095	63.84604135947302	0.06436625868082047	0.06254485994577408
573	21470.39593378303	13.994726678509323	63.785738254431635	0.062415555119514465	0.06202604994177818
574	21507.91640551004	13.775004545976117	63.72901766747236	0.07113561779260635	0.06967778503894806
575	21545.314613675	13.990308828342677	63.81920573534444	0.06387999653816223	0.06413252651691437
576	21582.65979881602	13.884891655998217	63.775614029727876	0.06972403824329376	0.06694135069847107
577	21620.39385097602	13.882260595695698	63.728912277147174	0.06414513289928436	0.06162098050117493
578	21657.794567298028	13.846940298313712	63.849464965518564	0.08721434324979782	0.08434489369392395
579	21695.46644863201	14.12975410565923	63.66735637607053	0.0778910219669342	0.07821168005466461
580	21732.767617809994	13.966294053403544	63.57645631581545	0.06327692419290543	0.05965360999107361
581	21770.14213277801	13.731400269381993	63.70876793283969	0.07564842700958252	0.07282455265522003
582	21807.462777923036	14.152326724168233	63.69694974925369	0.06920843571424484	0.06664463132619858
583	21845.074035088008	13.679101141999126	63.6482668784447	0.09948503971099854	0.10002551227807999
584	21882.463360841037	13.613991673191776	63.80891522672027	0.0639222264289856	0.062269315123558044
585	21919.815283133998	14.06518978713575	63.62778992718086	0.08640208840370178	0.08610773831605911
586	21957.201369510032	13.902875371033588	63.55878518009558	0.07562235742807388	0.07269689440727234
587	21994.612961432023	13.740054041329131	63.66482654493302	0.06626871973276138	0.06301242113113403
588	22031.98012774001	13.621311067614442	63.795822671148926	0.061912134289741516	0.06106682866811752
589	22069.350204066024	14.002726381921093	63.62615588493645	0.0614640936255455	0.059410445392131805
590	22106.749693760008	13.913462552038254	63.645661485847086	0.06209173426032066	0.06173035874962807
591	22144.068920988007	13.287796725442604	63.57490460202098	0.08135729283094406	0.0791652724146843
592	22181.571440588043	14.05700408670964	63.658892636187375	0.1001686379313469	0.09875418245792389
593	22218.915788364015	13.710941677698429	63.72854825994	0.06195520982146263	0.05893121659755707
594	22256.293652510038	13.54088634008076	63.57035664329305	0.0624796524643898	0.06095511466264725
595	22293.72693171102	14.125062852977862	63.51908645685762	0.06819748878479004	0.06497921794652939
596	22331.14182247204	13.794929926367331	63.582170396111906	0.061431482434272766	0.059931252151727676
597	22368.511131844018	13.290808227560774	63.545296230819076	0.06283967941999435	0.060872405767440796
598	22405.999095635023	13.436085270288459	63.617985412012786	0.06202569603919983	0.06057647615671158
599	22443.564513885998	14.045048973501252	63.59575765859336	0.07186505198478699	0.07208579033613205
600	22481.048916328	13.638979344679683	63.53325826022774	0.07182243466377258	0.07201473414897919
601	22518.56222527701	9.732496083775914	63.04838893702254	0.05843539535999298	0.05603614076972008
602	22555.89217880403	9.622879288097465	62.93114192644134	0.06653536856174469	0.06409195810556412
603	22593.325023790007	9.72667898427244	63.02612596703693	0.05893761292099953	0.057378266006708145
604	22630.917685455992	9.71334569748069	63.08938624942675	0.05858555808663368	0.057661499828100204
605	22668.530443152005	9.5281342978451	62.92989526875317	0.06114242970943451	0.059828970581293106
606	22706.182166149025	9.734114113027317	62.91974737029523	0.06203101947903633	0.06021564081311226
607	22743.485789115017	9.396856044513697	62.85791675094515	0.05831662565469742	0.05723245441913605
608	22780.788781748037	9.602983044780558	62.85255468823016	0.06107819825410843	0.06023272126913071
609	22818.216337160033	9.403841801773524	62.97040985757485	0.058458853513002396	0.056567661464214325
610	22855.59512770601	9.78063187047519	62.99100826121867	0.05843954160809517	0.05627678707242012
611	22893.064922338992	9.52705998822421	63.009972143918276	0.058185309171676636	0.05596213787794113
612	22930.538041061023	9.456859683908988	62.913899978622794	0.05781504511833191	0.05683302506804466
613	22967.815136243997	9.517127344919572	62.94964727992192	0.060798756778240204	0.05890514329075813
614	23005.134031210036	9.442763747982099	62.81727204332128	0.07447689026594162	0.07065095007419586
615	23042.680452650005	9.477344392053055	62.84197846753523	0.06113547831773758	0.058137308806180954
616	23080.176977972034	9.49086562580851	62.93085016915575	0.05811675265431404	0.05624113604426384
617	23117.595261876006	9.494495224200364	62.94952245661989	0.06671637296676636	0.06337036937475204
618	23155.039123160997	9.351370416188729	62.89164122752845	0.08621474355459213	0.08389735221862793
619	23192.264667207026	9.713452574658731	62.86229116329923	0.05827433615922928	0.05744845047593117
620	23229.594638651004	9.58731291991353	62.89415523922071	0.066592276096344	0.06569860130548477
621	23266.99911013205	9.436134848336224	62.86080277711153	0.06338489800691605	0.06026358902454376
622	23304.568364515027	9.532187498898566	62.87666967930272	0.060463614761829376	0.05795079469680786
623	23342.031096451043	9.333589306355861	62.82995131239295	0.06286339461803436	0.06071474403142929
624	23379.446876030008	9.510774766687973	62.91168049490079	0.06255913525819778	0.06075280159711838
625	23416.811531190993	9.41393515982054	62.77123487275094	0.06551504880189896	0.06378407031297684
626	23454.30348270602	9.25397808778871	62.812368189916015	0.08186124265193939	0.08022311329841614
627	23491.777415373013	9.36480919798123	62.98305476270616	0.05800016224384308	0.05597978085279465
628	23529.173606176046	9.311449568784155	62.870550183579326	0.064006507396698	0.06104198843240738
629	23566.46526023303	9.421387650694669	62.78640722902492	0.06339310854673386	0.06211945787072182
630	23603.838061013026	9.261825462730485	62.75579510489479	0.06117115169763565	0.05921046435832977
631	23641.252892215038	9.3948163877576	62.857469324953854	0.061091527342796326	0.059767384082078934
632	23678.725111369044	9.384435887975997	62.72362372884527	0.059126559644937515	0.05719301849603653
633	23716.04585409502	9.30267518360779	62.82325464906171	0.059431109577417374	0.058380767703056335
634	23753.437358315045	9.135953372900985	62.92194563569501	0.05786257982254028	0.05748969689011574
635	23790.847981016035	9.317950078184367	62.7693979232572	0.0628909319639206	0.06240807846188545
636	23828.330006906006	9.47960720897754	62.73935685073957	0.06082018092274666	0.059281155467033386
637	23865.78372240404	9.377073462863336	62.80385335814208	0.05912899225950241	0.05788210406899452
638	23903.174238669046	9.356000596679223	62.78698607767001	0.05995975434780121	0.05752512067556381
639	23940.53151399002	9.360105210740585	62.76924130972475	0.05808766186237335	0.05608103424310684
640	23978.139639525034	9.231100126165984	62.781692296266556	0.0984199270606041	0.09636827558279037
641	24015.52991810901	9.367846062788885	62.65348441200331	0.05736292526125908	0.0564197413623333
642	24053.16162157705	9.248975189315388	62.747903684619814	0.06793032586574554	0.06603085249662399
643	24090.568801659043	9.34424745274373	62.683700846508145	0.057928748428821564	0.05639442801475525
644	24128.022550292022	9.13276294658499	62.734184538479894	0.06292761862277985	0.06075814366340637
645	24165.39934458403	9.241351903783652	62.70936869410798	0.06040535494685173	0.05919858068227768
646	24202.83948709001	9.111916599988035	62.680759474635124	0.05903971940279007	0.0570894293487072
647	24240.259330412024	9.360037335827656	62.74018553690985	0.08019822090864182	0.07761877775192261
648	24277.91159997601	9.376280429900362	62.70536465058103	0.05923714488744736	0.0574270561337471
649	24315.60529686301	9.306671080918022	62.83256950369105	0.062120456248521805	0.06219179555773735
650	24352.911538051034	9.20943490928039	62.69513662625104	0.05760747939348221	0.05601560324430466
651	24390.304778366	8.990284741161304	62.70486731920391	0.06245535612106323	0.06080154329538345
652	24427.90571202	9.225142307222995	62.645783121697605	0.0611538402736187	0.06036946177482605
653	24465.435081450036	9.124576470436295	62.475448579061776	0.07410924136638641	0.07106755673885345
654	24502.890136537026	9.071594111723243	62.70179560082033	0.05918993428349495	0.058196283876895905
655	24540.267666850006	9.314187235013378	62.646633819676936	0.05872845649719238	0.05665427818894386
656	24577.572953020048	9.055911502051458	62.67703488096595	0.0679515153169632	0.06566030532121658
657	24614.982232433045	9.130937988731603	62.71940976846963	0.06081486865878105	0.05938278138637543
658	24652.36820532201	9.006995848008955	62.69060357334092	0.062143608927726746	0.05800437927246094
659	24689.779860042036	9.037753959215479	62.6461852286011	0.06341753900051117	0.062345054000616074
660	24727.16308340704	8.957001770646457	62.601482595317066	0.0584605447947979	0.05657469853758812
661	24764.839463193028	9.099085099824151	62.602143405471	0.062363751232624054	0.059484854340553284
662	24802.309016064042	9.296386150541366	62.68512805271894	0.06247282400727272	0.06176447495818138
663	24839.629849701014	9.110337464844633	62.71038932586089	0.05857759341597557	0.056020449846982956
664	24876.85094609001	9.117051580022235	62.611341902054846	0.05804791301488876	0.055754486471414566
665	24914.30968520703	9.15131327855488	62.61470229923725	0.0582510307431221	0.05580931529402733
666	24951.691225902992	8.975516938626242	62.56359619880095	0.06293649226427078	0.0610802136361599
667	24989.040582629037	9.196072042926971	62.68909579166211	0.05960574373602867	0.05720076709985733
668	25026.456299703044	9.188828514994384	62.54849013406783	0.057467710226774216	0.05484984070062637
669	25063.762506961997	9.073856739028997	62.54481572378427	0.05717408284544945	0.05633845180273056
670	25101.142313587014	8.972309660857718	62.565042353700846	0.060983702540397644	0.059497103095054626
671	25138.612518829992	9.017567656130268	62.60062031727284	0.05668358504772186	0.0552360974252224
672	25176.075898546027	9.019267248371762	62.68060077680275	0.06885071843862534	0.06813187897205353
673	25213.382619304	8.879201549112622	62.60818279720843	0.06284425407648087	0.060434743762016296
674	25250.901160089008	9.081341991397494	62.61517241317779	0.05742798373103142	0.05564289167523384
675	25288.305487792008	9.031092339770112	62.46544188680127	0.060928765684366226	0.05949002131819725
676	25325.572249218996	9.03235961091923	62.49174117716029	0.06238040328025818	0.060510486364364624
677	25363.257043205027	9.038155165646458	62.576943954918534	0.061384011059999466	0.059275418519973755
678	25400.695501206035	9.037461627984158	62.6321298442781	0.06273116916418076	0.06067957729101181
679	25438.18494091503	9.079014420276508	62.63036597939208	0.07671751827001572	0.07644656300544739
680	25475.487025266048	9.068049950499699	62.57936121057719	0.061698999255895615	0.06047975271940231
681	25512.844253810996	8.88357545299732	62.53572979522869	0.05808081477880478	0.056143272668123245
682	25550.395304931037	8.886574925018067	62.606461240909994	0.05635925009846687	0.05536362901329994
683	25587.818837496045	8.864398419784266	62.56832341104746	0.059277553111314774	0.057511262595653534
684	25625.24414540903	8.959227235427534	62.57740267366171	0.058794908225536346	0.05711614340543747
685	25662.526513824007	8.721946098361514	62.532084881328046	0.05734396353363991	0.056013792753219604
686	25699.971883355	8.965927511962946	62.634856443386525	0.0586184523999691	0.05618571862578392
687	25737.276492498	8.867636153630883	62.50520286662504	0.07546402513980865	0.0726887509226799
688	25774.768525836	8.987810057475144	62.41175548871979	0.05881233513355255	0.05670812726020813
689	25812.318148397026	8.82726206584266	62.510441498830914	0.0587974451482296	0.05669645592570305
690	25849.699579925044	8.91397104009593	62.512073875870556	0.059859566390514374	0.0579468198120594
691	25887.334178432997	8.92357273710877	62.487638033460826	0.060514822602272034	0.05932852253317833
692	25924.850715972017	8.820668099477189	62.50452771456912	0.06345130503177643	0.060479119420051575
693	25962.289564379025	8.949106408461375	62.515062843449414	0.06019207462668419	0.057842157781124115
694	25999.692596776993	8.704232554879127	62.42058620834723	0.061701517552137375	0.06006915122270584
695	26036.987442931044	8.78869953310641	62.43967075459659	0.0604458823800087	0.05844149738550186
696	26074.378180104017	8.79747939630397	62.46820527734235	0.05694229155778885	0.05584458261728287
697	26111.82144767203	9.019713237463293	62.469348911661655	0.05713830515742302	0.05622822046279907
698	26149.31249871099	8.715648421271908	62.4981355057098	0.05795527249574661	0.05600077658891678
699	26186.766311037005	8.803148627237533	62.588388747535646	0.060422591865062714	0.05768520385026932
700	26224.220279093017	8.716687699365139	62.47495602024719	0.06770223379135132	0.06520023941993713
701	26261.644150392036	8.763541831820476	62.5319343325682	0.060169000178575516	0.05759580433368683
702	26299.23651030904	8.99467401032598	62.50599100254476	0.05812365189194679	0.05671554431319237
703	26336.758686805028	8.763042893682723	62.48474850459024	0.059676092118024826	0.05853432044386864
704	26374.046426871035	8.944465168740862	62.458945277612656	0.05997146666049957	0.059968020766973495
705	26411.48953205801	8.966511847786023	62.46684476127848	0.06435985863208771	0.06249159201979637
706	26449.20110069902	8.69636756264299	62.423908774740994	0.05728384479880333	0.05623844265937805
707	26486.65893248201	8.723375521596608	62.541209681425244	0.05790187418460846	0.05526917427778244
708	26524.268177270016	8.89851167564484	62.473288752604276	0.05776122212409973	0.05548108369112015
709	26561.984112854	8.68406179711019	62.47091605421156	0.059698086231946945	0.057399019598960876
710	26599.313726780005	8.869978151331452	62.42830210598186	0.05804342031478882	0.05715576186776161
711	26636.823905440047	8.713291700190894	62.44977491721511	0.06214660033583641	0.060288313776254654
712	26674.406442153035	8.764753360392206	62.48674386460334	0.10338552296161652	0.1032274141907692
713	26711.884540728992	8.761454325849627	62.41061898879707	0.06620005518198013	0.06431090086698532
714	26749.28113188001	8.799219063585042	62.52798434114084	0.05738598480820656	0.055907297879457474
715	26786.82114293304	8.764524432615872	62.44332987535745	0.06319066137075424	0.06058414652943611
716	26824.306437716004	8.774812217321596	62.41937960218638	0.05715448036789894	0.05537496134638786
717	26861.845046641014	8.660591755087808	62.36472359392792	0.05851849168539047	0.05599481984972954
718	26899.462722708995	8.800675389356911	62.37887449469417	0.06060535088181496	0.05789373442530632
719	26937.001043758006	8.527252923013293	62.39817705610767	0.06440237164497375	0.06079522892832756
720	26974.39758156601	8.678952377005771	62.389631340280175	0.062393125146627426	0.06099434196949005
721	27011.672697686008	8.567713722844928	62.31015661219135	0.06019797548651695	0.05837294086813927
722	27049.052671029	8.657945642156847	62.3693364104256	0.06409604102373123	0.06109554320573807
723	27086.518145009002	8.66709211111447	62.41892126575112	0.06524073332548141	0.06378006190061569
724	27123.840376709995	8.732165052027995	62.38107251888141	0.06033915653824806	0.0577983558177948
725	27161.06551197602	8.700080741891725	62.23942378722131	0.05893348529934883	0.05779929459095001
726	27198.38438361103	8.5243501216828	62.32928184606135	0.058396849781274796	0.05545900762081146
727	27235.744168930047	8.552116819188086	62.44050206290558	0.05787152051925659	0.055768679827451706
728	27273.092222139006	8.550376537164993	62.335967503953725	0.058277301490306854	0.05633435398340225
729	27310.32003275701	8.709192147620342	62.35810711281374	0.06158698722720146	0.06047492474317551
730	27347.746350464004	8.54672306982684	62.34830707823858	0.06382904201745987	0.06267565488815308
731	27385.211586753023	8.849106649289752	62.384110402781516	0.05863630771636963	0.056005097925662994
732	27422.62585782603	8.567454367115715	62.451542530208826	0.06445471942424774	0.06240057200193405
733	27460.10336422705	8.59744373996	62.3618492600508	0.06426490098237991	0.06284204870462418
734	27497.505844080995	8.495971478310821	62.376264101825655	0.05731573328375816	0.055163394659757614
735	27535.00943650503	8.651115647047845	62.26264922088012	0.06406603008508682	0.06327273696660995
736	27572.190008580044	8.44907163915559	62.39662670902908	0.05871272459626198	0.05639844387769699
737	27609.52528282604	8.44968880448505	62.35565361985937	0.06331277638673782	0.061902403831481934
738	27646.844123241026	8.576748402145313	62.214976312592626	0.059206463396549225	0.05742885544896126
739	27684.320554261038	8.619691912201233	62.23751989682205	0.05925147980451584	0.05609378591179848
740	27721.642330416013	8.6944016786656	62.25002251332626	0.0711827352643013	0.06970583647489548
741	27759.011950640008	8.530830175775918	62.429315976798534	0.06553328037261963	0.06373965740203857
742	27796.61974775704	8.479004571105179	62.27372707752511	0.06483639776706696	0.06345300376415253
743	27833.994179442	8.501188826361613	62.316488194745034	0.05994626134634018	0.05858283489942551
744	27871.397719874047	8.55278774645194	62.26068794494495	0.06094035133719444	0.0597245916724205
745	27908.73765875504	8.555875646939967	62.26402776595205	0.060633108019828796	0.059197843074798584
746	27946.139601071016	8.397330855059408	62.40396505082026	0.07048279792070389	0.06793462485074997
747	27983.400251068	8.412759029535664	62.259961400646716	0.05899116396903992	0.055858954787254333
748	28021.07346753002	8.603955007038167	62.37086106976494	0.057342302054166794	0.055470678955316544
749	28058.857927225006	8.556413331549265	62.354477430693805	0.061378102749586105	0.05862073227763176
750	28096.132063911995	8.380482845845108	62.273237839806825	0.06182345375418663	0.05984291061758995
751	28133.556056673	8.439622875994246	62.21427013259381	0.06328767538070679	0.06066969782114029
752	28171.117478942033	8.446808037017036	62.2047787993215	0.0580565445125103	0.05562512204051018
753	28208.63508671301	8.518070474427077	62.216323805972934	0.06285557150840759	0.06027926877140999
754	28246.074973497016	8.598517566781084	62.27016618521884	0.0611611008644104	0.05950411409139633
755	28283.381350818032	8.62467090278733	62.25049586361274	0.0663110539317131	0.06504792720079422
756	28320.901169520046	8.692494919294404	62.22027351334691	0.06018022075295448	0.05841204896569252
757	28358.25867040304	8.435667638019368	62.22403634246439	0.06478303670883179	0.06286811083555222
758	28395.691235440027	8.50495745252556	62.21840123506263	0.05925828590989113	0.057073429226875305
759	28433.082755571	8.462264971207333	62.24661943409592	0.057042427361011505	0.05452786013484001
760	28470.436780558026	8.531686156475189	62.33556280657649	0.06235891953110695	0.061404719948768616
761	28507.92823410401	8.365115940494434	62.19043643726036	0.060309264808893204	0.05890617147088051
762	28545.351319451	8.367009500940185	62.19462023768574	0.06046398729085922	0.05807747319340706
763	28582.773077477003	8.379696615760622	62.218284303788096	0.05795997381210327	0.055908143520355225
764	28620.061588918034	8.431985828035977	62.190878278110176	0.06204076111316681	0.06191828101873398
765	28657.578993288043	8.437656757647346	62.18335313349962	0.05915571004152298	0.05711166933178902
766	28695.099739119993	8.401377789126855	62.212265328038484	0.05822004750370979	0.05532139912247658
767	28732.358543412003	8.334815147565678	62.24146837554872	0.05793717876076698	0.05528178811073303
768	28769.69624513702	8.5380700130263	62.16226400760934	0.05789174139499664	0.056864362210035324
769	28807.062841711042	8.317248122028104	62.36681856540963	0.05818136781454086	0.057224106043577194
770	28844.480230634043	8.424815825717815	62.264972609234974	0.05915599316358566	0.058508116751909256
771	28881.772393048042	8.385412941959657	62.11893120734021	0.059463679790496826	0.058136142790317535
772	28919.16838918504	8.317518660860515	62.20505192084238	0.07004103809595108	0.06858684867620468
773	28956.754207622027	8.204340916061483	62.155954657588154	0.06463313102722168	0.06304752826690674
774	28994.052536100033	8.391639490149828	62.195759422145784	0.06789954751729965	0.06517769396305084
775	29031.65724895202	8.422360794462293	62.06112084724009	0.05822998285293579	0.055916678160429
776	29069.08344586502	8.317830973530363	62.16614422341809	0.05651656165719032	0.054180167615413666
777	29106.410592726024	8.17891723320281	62.13025856669992	0.05975279211997986	0.056947264820337296
778	29143.791459456028	8.347846664240933	62.20883386116475	0.07824909687042236	0.07587389647960663
779	29181.201308472024	8.518292868466233	62.23977402038872	0.06118723750114441	0.059705641120672226
780	29218.736047998013	8.157010733397328	62.17928039189428	0.06125504896044731	0.059679724276065826
781	29256.080080654006	8.202600038053788	62.16278353985399	0.06376767158508301	0.06267593055963516
782	29293.631887464027	8.148228320249473	62.23694315273315	0.06454958766698837	0.0619354322552681
783	29331.017407510022	8.384961240866687	62.09009901480749	0.058362483978271484	0.05640683323144913
784	29368.624625758035	8.173186173266004	62.1383346747607	0.05759945139288902	0.05515346676111221
785	29406.23981832899	8.332631461034907	62.10961905866861	0.0589025653898716	0.056047264486551285
786	29443.68785172404	8.188853496292722	62.11867779958993	0.06290493160486221	0.059232067316770554
787	29481.109852508	8.311212970638735	62.17770808888599	0.05788654088973999	0.05540255084633827
788	29518.522175499005	8.236906150428695	62.120107545051724	0.07061035186052322	0.0685858428478241
789	29556.01846588601	8.203000014174904	62.02924059331417	0.057392947375774384	0.05558248236775398
790	29593.590545802028	8.382008910732111	62.19127872725949	0.05789006128907204	0.055717583745718
791	29630.919522273005	8.37609455290658	62.12561155529693	0.05894435942173004	0.057930972427129745
792	29668.255253797048	8.179326662757376	62.17374590365216	0.05936109274625778	0.05720803514122963
793	29705.752056758036	8.36292182203033	62.20243218308315	0.06017433851957321	0.057758815586566925
794	29743.320197491033	8.21098734424595	62.13902134518139	0.06000002473592758	0.05846593901515007
795	29780.800317414047	8.445194894058659	62.08219791483134	0.09322755038738251	0.09147629886865616
796	29818.16671703104	8.309819590089319	62.05057315947488	0.058820802718400955	0.05629374086856842
797	29855.606641523016	8.2411955540083	62.09189816052094	0.05858512222766876	0.05665174126625061
798	29892.95037049899	8.281829133924475	62.0580311906524	0.057572122663259506	0.05557718127965927
799	29930.369536173006	8.318782802987698	62.11879833089188	0.05732514336705208	0.05533486232161522
800	29967.932264139992	8.203448724376358	62.15373756503686	0.060706816613674164	0.05870485678315163
801	30005.38651401503	6.572546764764411	61.77071371534839	0.056820955127477646	0.05489688739180565
802	30042.915553810017	6.5008900381144485	61.798533351160586	0.05665138363838196	0.05450551584362984
803	30080.374336979992	6.515475718038942	61.76407978264615	0.05600467696785927	0.05442863330245018
804	30117.97401072504	6.499826258899702	61.780925751663744	0.056258369237184525	0.05419311672449112
805	30155.306972538994	6.567329898654862	61.73914241557941	0.0578189492225647	0.056362103670835495
806	30192.74956153403	6.485445611011528	61.83769061928615	0.06389758735895157	0.06178143993020058
807	30230.229837172024	6.4661480132817815	61.88253987999633	0.059718985110521317	0.05741555988788605
808	30267.525210851047	6.5058818442958	61.77959055732936	0.05844969302415848	0.05612116679549217
809	30304.978831832006	6.411098541342653	61.72168503329158	0.05604671686887741	0.05413592606782913
810	30342.377166092047	6.550739629037707	61.778550582937896	0.05716990306973457	0.05468488112092018
811	30379.832717473037	6.512174601848528	61.799867637921125	0.05680546909570694	0.05494975671172142
812	30417.290515320026	6.5189744855088065	61.910607947036624	0.056246232241392136	0.053595516830682755
813	30455.083072987036	6.5483185538505495	61.6850822865963	0.05956559255719185	0.055995240807533264
814	30492.545716274006	6.411068559886189	61.80645330483094	0.057461515069007874	0.05508825555443764
815	30529.952658375027	6.500033533669921	61.84012552909553	0.05689721181988716	0.05456103757023811
816	30567.431037996022	6.477233612738928	61.69186744233593	0.05797962471842766	0.0561210960149765
817	30604.82507468603	6.47065605204989	61.85735838767141	0.057104919105768204	0.05438791960477829
818	30642.25186964305	6.496393147986964	61.7656289995648	0.056600429117679596	0.054376788437366486
819	30679.685542316	6.492393762771826	61.69651396619156	0.055498119443655014	0.053381409496068954
820	30717.024142796	6.5052573730754375	61.74979738611728	0.05892292782664299	0.05778169631958008
821	30754.518575427006	6.518767758381728	61.79254034534097	0.05615167319774628	0.0539550743997097
822	30791.990822447	6.479115098572947	61.80410822527483	0.05727173388004303	0.055219024419784546
823	30829.376375826017	6.425506060997577	61.75216804491356	0.05617598816752434	0.05389580875635147
824	30866.993990548013	6.499236536768876	61.818631573114544	0.05604567378759384	0.054435860365629196
825	30904.378788806032	6.470220518665883	61.74574918625876	0.05860321968793869	0.05639548599720001
826	30941.785581191012	6.342431763099739	61.737131748814136	0.056154683232307434	0.05450354516506195
827	30979.326012139034	6.538901029227418	61.750548475421965	0.05638023465871811	0.05450806766748428
828	31016.83760724403	6.402919806932914	61.7123081786558	0.05671246722340584	0.05492512136697769
829	31054.170635410992	6.414508527279395	61.813834570813924	0.060939721763134	0.05832601711153984
830	31091.666742664995	6.451671370257827	61.735297123901546	0.05960351228713989	0.057315025478601456
831	31129.134496717015	6.431701472687564	61.71250701090321	0.0567752867937088	0.055588893592357635
832	31166.565250493004	6.487997069194535	61.75992265203968	0.05591186508536339	0.05378091335296631
833	31203.947488381993	6.5016882613017515	61.72151689650491	0.055772919207811356	0.054210394620895386
834	31241.367927392013	6.449572981458914	61.75836497871205	0.05587061867117882	0.054398469626903534
835	31278.828044679016	6.39292073364777	61.725098526105285	0.05662703141570091	0.05479484051465988
836	31316.19091334002	6.450416475055135	61.759048506151885	0.05587030202150345	0.05421604588627815
837	31353.398296988045	6.410557769169827	61.762843230273575	0.056147556751966476	0.055195145308971405
838	31390.785112045996	6.402952796379395	61.78786032926291	0.06453213840723038	0.061972275376319885
839	31428.402155252	6.408685783808323	61.742352183908224	0.05746348574757576	0.05562040954828262
840	31465.705130807997	6.340578853083571	61.69368060328998	0.05726175010204315	0.05544286221265793
841	31503.39386289002	6.402589941597398	61.70376715762541	0.05658088997006416	0.054602742195129395
842	31541.04485351499	6.400371920743055	61.73783871950582	0.05588042736053467	0.05376601591706276
843	31578.341139356024	6.40388830217853	61.65290297428146	0.05614907667040825	0.053511399775743484
844	31615.755551231035	6.403668628896412	61.6094414005056	0.05977622792124748	0.05657466873526573
845	31653.200323977042	6.36890661299185	61.73806600412354	0.05960804969072342	0.05736345052719116
846	31690.734982865048	6.396578018677246	61.68425816530362	0.056123845279216766	0.05360127240419388
847	31728.150412762014	6.408095287937613	61.82751656277105	0.06006390601396561	0.058802444487810135
848	31765.609013523033	6.424324392955896	61.68105012178421	0.05734257772564888	0.05519692972302437
849	31803.068330564012	6.421032215006562	61.703345517627895	0.056464049965143204	0.054169680923223495
850	31840.477765305026	6.302071803940635	61.669414105825126	0.058381468057632446	0.056106969714164734
851	31878.01314644603	6.431179671664722	61.66442256467417	0.05805910751223564	0.055473629385232925
852	31915.53158590902	6.381964484000491	61.65337406843901	0.05590462312102318	0.053637806326150894
853	31952.90800620604	6.410651587313623	61.72487985994667	0.055875275284051895	0.05346783995628357
854	31990.344644787023	6.326269441215118	61.67833211738616	0.059408653527498245	0.05699068680405617
855	32027.779685129004	6.3708461860369425	61.68678156891838	0.05627289041876793	0.05373678728938103
856	32065.476800526027	6.303888069149252	61.68299525696784	0.05651905760169029	0.05413561686873436
857	32103.038187575992	6.422901645339152	61.72172781545669	0.05535571649670601	0.053164560347795486
858	32140.647241038037	6.376169252547697	61.55993183515966	0.05887579917907715	0.05677514523267746
859	32178.13976556604	6.328055918507744	61.6660123472102	0.05685915797948837	0.05383487418293953
860	32215.45893978502	6.403103943299357	61.67637091316283	0.0598406046628952	0.057297609746456146
861	32252.945370625006	6.352168636905844	61.68737968336791	0.05939637869596481	0.05683489888906479
862	32290.43541226705	6.335145754732366	61.618020663037896	0.06452962011098862	0.06272275745868683
863	32328.06263604603	6.395715994953207	61.687535354401916	0.05564527213573456	0.05405235290527344
864	32365.434987718007	6.392160943447379	61.677694571437314	0.05905329808592796	0.057738009840250015
865	32402.847638743	6.417103747509827	61.58841990493238	0.055552639067173004	0.05364418774843216
866	32440.37819031201	6.401753043170174	61.71388433454558	0.05624120309948921	0.0539960116147995
867	32477.54875595402	6.437285613632412	61.637006806675345	0.05605044215917587	0.05426903814077377
868	32515.02015519503	6.314142528703087	61.71662919037044	0.05788673833012581	0.05557098984718323
869	32552.27454828302	6.359680947269226	61.58078583935276	0.05667644366621971	0.0539519339799881
870	32589.69679537299	6.247452302653983	61.65218701492995	0.06258872151374817	0.06014075502753258
871	32627.280680213007	6.253887753249728	61.67311861831695	0.055501725524663925	0.05383604019880295
872	32664.634870583017	6.2822289138239285	61.652445912361145	0.06335616111755371	0.060767851769924164
873	32702.12872926303	6.235845653183787	61.596523735672235	0.06979239732027054	0.0673723965883255
874	32739.728204449	6.333556616711576	61.572049488313496	0.05690770968794823	0.055365756154060364
875	32776.938466855034	6.299432005220297	61.60394551092759	0.055709268897771835	0.05436515808105469
876	32814.274025494	6.287752413434646	61.640336169395596	0.056156061589717865	0.05386735126376152
877	32851.510717393016	6.368334560105723	61.67012960091233	0.05685079097747803	0.054183751344680786
878	32888.79957995203	6.2878207737448975	61.664779839571565	0.056541673839092255	0.054296258836984634
879	32926.29226911103	6.313838721169304	61.640837458427995	0.05670354142785072	0.05495521053671837
880	32963.69190234103	6.248388390209584	61.61421315697953	0.05672827735543251	0.054526589810848236
881	33001.08848670201	6.339796531297907	61.69397418713197	0.05700388550758362	0.05518684908747673
882	33038.66294023499	6.201246097323747	61.66391146602109	0.057156048715114594	0.055175602436065674
883	33076.09560540703	6.357757274683536	61.58667490584776	0.055443815886974335	0.05384853482246399
884	33113.381397699995	6.267851687956863	61.57243904378265	0.05597895383834839	0.053618911653757095
885	33150.92430916603	6.336277178179444	61.63983242306858	0.05652927607297897	0.054485321044921875
886	33188.377366929024	6.272415544743126	61.596263675019145	0.055583685636520386	0.053317129611968994
887	33225.68149513204	6.349702420302492	61.54560629371554	0.05648377537727356	0.054526954889297485
888	33263.03114777	6.1767494365522	61.59029610827565	0.05552155151963234	0.05371931940317154
889	33300.43820916704	6.313130100017588	61.69158492144197	0.05647984519600868	0.05510980263352394
890	33337.87630029104	6.274212672626163	61.661531591787934	0.05841727554798126	0.05698604881763458
891	33375.323372635	6.282259277319099	61.62588186468929	0.05562723055481911	0.05365980044007301
892	33412.957223427016	6.248335994394438	61.60821568733081	0.0587068535387516	0.05632322281599045
893	33450.34812364902	6.343610592910409	61.601244307588786	0.05848250165581703	0.0559026375412941
894	33487.87296527403	6.162803189872648	61.625307203270495	0.05609341338276863	0.05354641377925873
895	33525.59445437003	6.185955526613725	61.56150080868974	0.06804065406322479	0.06563272327184677
896	33563.145494229044	6.273852164158598	61.5955297765322	0.05858840420842171	0.0566624216735363
897	33600.676370862	6.266702502925909	61.61480445135385	0.056199491024017334	0.05374317988753319
898	33638.08017251099	6.292626636073692	61.68038231739774	0.05675118416547775	0.05422312021255493
899	33675.60882810905	6.277915410973947	61.57653529755771	0.05526470020413399	0.05343598499894142
900	33712.92978639103	6.138210437427915	61.58126676827669	0.05603652074933052	0.05389895290136337
901	33750.50992631004	6.365011320889607	61.58835289347917	0.05526720732450485	0.05326257646083832
902	33787.95715713099	6.226023892548255	61.56114205857739	0.05655207484960556	0.054626282304525375
903	33825.369782919995	6.202734955859341	61.61985289864242	0.055886127054691315	0.053273383527994156
904	33862.708570392046	6.168212716904236	61.599623980466276	0.05752430856227875	0.05510304123163223
905	33900.208439599024	6.23460809593962	61.57115303212777	0.057914137840270996	0.055312514305114746
906	33937.84269082104	6.326012873862055	61.60732027841732	0.05576527118682861	0.053851570934057236
907	33975.427472273994	6.203001598656556	61.683431236539036	0.05573657900094986	0.05393184721469879
908	34012.99436836899	6.170146993212256	61.548724461346865	0.05573203042149544	0.054136328399181366
909	34050.53643373301	6.275280275804107	61.518219804391265	0.06179721653461456	0.05947068706154823
910	34087.955824706994	6.163748996819777	61.492195970378816	0.057124096900224686	0.05466671288013458
911	34125.33926831599	6.175954813119461	61.57184350723401	0.0579453781247139	0.0554465651512146
912	34162.62237254501	6.257954654309287	61.544832242652774	0.05760650709271431	0.05622259899973869
913	34200.14233266702	6.179104551745695	61.617764067836106	0.05861704796552658	0.05595418065786362
914	34237.60776727303	6.152880436515261	61.57359383767471	0.056323252618312836	0.053469911217689514
915	34274.999029140046	6.182741685050132	61.64970143418759	0.055504489690065384	0.05300561338663101
916	34312.65330878203	6.169181478722749	61.59678638679907	0.05787782371044159	0.05518387630581856
917	34350.289530607	6.314908687279967	61.52263504755683	0.06195006147027016	0.05943620577454567
918	34387.636442644	6.129255582221958	61.53036302002147	0.06068510189652443	0.05806203559041023
919	34425.188913701044	6.164233745428646	61.59960651025176	0.05707906186580658	0.05432744696736336
920	34462.75804217905	6.165826004784321	61.596700232010335	0.06065021827816963	0.05797339975833893
921	34500.056825543	6.203292909518495	61.57813339680433	0.056195344775915146	0.054823778569698334
922	34537.381338355015	6.155010413385753	61.56851443788037	0.062103018164634705	0.05897974595427513
923	34574.73504517501	6.187228059767222	61.549964879173785	0.05689720809459686	0.05506357550621033
924	34612.12744791905	6.203016968960583	61.60049533820711	0.05600457265973091	0.0538259781897068
925	34649.65728042304	6.101900111953	61.53003871301189	0.06372956186532974	0.061203598976135254
926	34687.180443028046	6.229307638124737	61.558864274062216	0.056131213903427124	0.0538070909678936
927	34724.52066537604	6.071727500428096	61.57003147667274	0.056540537625551224	0.055186349898576736
928	34762.282017272024	6.129760384221299	61.5620096209459	0.05938706174492836	0.056724585592746735
929	34799.62500479299	6.1952800925319025	61.55761825572699	0.05527564138174057	0.0533318817615509
930	34837.046207187	6.194043230843818	61.526091165840626	0.056515686213970184	0.05351340398192406
931	34874.291170265	6.107519459394098	61.5396266374737	0.05678364634513855	0.05458177253603935
932	34911.60446858499	6.0980531409986725	61.54121081857011	0.05834633857011795	0.05572490394115448
933	34949.011359572	6.177961114837672	61.57144007598981	0.06086476519703865	0.05778179690241814
934	34986.589331907046	6.054268556930765	61.498628264293075	0.056216709315776825	0.05494055151939392
935	35023.895383341995	6.230087221098074	61.50752547523007	0.055721960961818695	0.05424705892801285
936	35061.35754716705	6.107562344146572	61.54221194284037	0.05723990499973297	0.05497804656624794
937	35098.317468452035	6.18339061003644	61.46281313709915	0.055446553975343704	0.05391135439276695
938	35135.89231875702	6.1425051008409355	61.54295422369614	0.05684935674071312	0.054136134684085846
939	35173.279161135026	6.121270869643922	61.55605794722214	0.05785192921757698	0.055293284356594086
940	35210.88833817601	6.115830950802774	61.4545445330441	0.05566469952464104	0.05328262224793434
941	35248.40066636301	6.229118053641287	61.50962037779391	0.055487003177404404	0.05388627201318741
942	35286.024970002996	6.156682894783444	61.49636751553044	0.05945293977856636	0.05762685462832451
943	35323.46988327202	6.051336119639018	61.479797180742025	0.057541705667972565	0.05391713231801987
944	35360.97645092901	6.098071416730818	61.49856956489384	0.05591461807489395	0.053563397377729416
945	35398.478147307	6.1455068464856595	61.5136708994396	0.06369578838348389	0.060662027448415756
946	35435.883765340026	6.131197177353897	61.47605565842241	0.05770735815167427	0.05546402931213379
947	35473.342654520995	6.076767638191086	61.56512248655781	0.05568431317806244	0.05354323610663414
948	35510.816874935	6.124585272951663	61.4712629779242	0.0640769749879837	0.06172599270939827
949	35548.23219079804	6.1312978116984596	61.531181428348646	0.05792401358485222	0.05530557408928871
950	35585.61527299002	6.121072791509505	61.526275609619915	0.055612992495298386	0.05335332453250885
951	35623.10845490103	6.053295771362173	61.470930010546	0.05615727975964546	0.05404991656541824
952	35660.587500239024	6.098789462252171	61.45983481453732	0.05671894922852516	0.05528523400425911
953	35698.14734800701	6.179057838078734	61.48598798410967	0.061407752335071564	0.059475164860486984
954	35735.74060844601	6.002649735681189	61.466025702655315	0.05639396607875824	0.053751539438962936
955	35773.17781764903	6.165955811426102	61.43156668078154	0.05589570850133896	0.05426643043756485
956	35810.542055345024	6.048544999757723	61.51069209026173	0.0576118640601635	0.05554801598191261
957	35848.158724137	6.10197120263183	61.50279249623418	0.056804951280355453	0.05415790155529976
958	35885.71330376901	6.0410245131351985	61.45506806625053	0.057189784944057465	0.054950397461652756
959	35923.05133575405	6.051623095940158	61.53372240066528	0.05605532228946686	0.05388939380645752
960	35960.37711967202	6.0533624869531195	61.41506996192038	0.05543625354766846	0.05366423353552818
961	35997.907773706014	5.989234162690991	61.471073016524315	0.055893056094646454	0.053257349878549576
962	36035.21914521302	5.970719530549104	61.48502704501152	0.05573045462369919	0.053744275122880936
963	36072.705595302046	6.071342128307151	61.40738915465772	0.05971595644950867	0.05631836876273155
964	36109.843608882045	6.069628776887839	61.42766149202362	0.05595686659216881	0.05407445877790451
965	36147.313600911	6.054023366381443	61.45357461133972	0.056307271122932434	0.05404715612530708
966	36184.981809183024	6.078349226860155	61.39094811724499	0.057563427835702896	0.054658398032188416
967	36222.50422344799	5.9775490617939795	61.48588858079165	0.05742676928639412	0.055032163858413696
968	36259.69259639003	6.003459778439719	61.5019178702496	0.05615045502781868	0.05296628922224045
969	36297.20477487001	6.08968684912179	61.475317247677594	0.05777275562286377	0.05556225776672363
970	36334.62528048403	6.011071925477154	61.45527869090438	0.056277014315128326	0.054328177124261856
971	36372.052306186	6.0229538316852995	61.44155403971672	0.05626792460680008	0.053929392248392105
972	36409.498843987996	5.996405498855893	61.52017904026434	0.0583215095102787	0.05652042105793953
973	36446.87826718902	5.990448270913475	61.52820295607671	0.05564434453845024	0.05416881665587425
974	36484.23302248004	6.045099557773938	61.443843107670546	0.0558214969933033	0.05355936288833618
975	36521.616857582994	5.991240732175356	61.39932579640299	0.05565112829208374	0.05389590188860893
976	36559.046098652994	5.947474078056985	61.47746628127061	0.05759119242429733	0.054396841675043106
977	36596.28651067801	6.0950734830403235	61.438884194009006	0.0565086267888546	0.0549209900200367
978	36633.66522757802	6.003095247546298	61.461483262013644	0.05610784515738487	0.053205154836177826
979	36670.84654045402	5.985213404728711	61.43708248110488	0.05540560930967331	0.05302444100379944
980	36708.28349027701	6.04012340540794	61.32992599904537	0.06346152722835541	0.060881856828927994
981	36745.90730319003	6.022852159461763	61.39021064992994	0.055674005299806595	0.0535878986120224
982	36783.297519048036	5.9980755354772555	61.44586220011115	0.05638503655791283	0.053850144147872925
983	36820.708351087	5.9446860474927234	61.50908551318571	0.055942051112651825	0.05367465689778328
984	36858.051045194035	6.100624715327285	61.35693153645843	0.06620714068412781	0.06323374062776566
985	36895.577440428024	6.024451904952002	61.44561868812889	0.06510984152555466	0.0638313740491867
986	36932.97068160999	6.1071095469196734	61.452371183782816	0.05948663130402565	0.05653335154056549
987	36970.531148509006	5.952701892470941	61.40877569792792	0.05814436078071594	0.05573193356394768
988	37007.89611627301	6.0427342581315315	61.51391087612137	0.05612872168421745	0.05383903905749321
989	37045.294035675004	5.911148088889604	61.42502622678876	0.055610060691833496	0.053305916488170624
990	37082.773670580005	6.028738940782205	61.40390316816047	0.056754812598228455	0.05385243147611618
991	37120.03065160202	5.988993235281669	61.370733187999576	0.05563850700855255	0.05337272956967354
992	37157.44379816402	5.9542333548706665	61.41704920772463	0.05696452036499977	0.05450817942619324
993	37194.80454547005	5.996193806720839	61.44171557808295	0.05534302443265915	0.053395938128232956
994	37232.232967054006	5.943686911399709	61.34127346705645	0.056508537381887436	0.05337493494153023
995	37269.634946845996	6.0028101866773795	61.36601302959025	0.05702300742268562	0.05469237640500069
996	37307.21739258303	5.897514148571645	61.40960275847465	0.05512729659676552	0.05319124460220337
997	37344.547535813996	5.945232358699286	61.40656094066799	0.06599268317222595	0.06390630453824997
998	37382.047573899035	5.991708430596191	61.37976753665134	0.056534599512815475	0.054266225546598434
999	37419.426349821035	5.927171726496454	61.38235708558932	0.05504993349313736	0.054196592420339584
