dsgdb9nsd_000001
C -0.0126981359 1.0858041578 0.0080009958
H 0.002150416 -0.0060313176 0.0019761204
H 1.0117308433 1.4637511618 0.0002765748
H -0.540815069 1.4475266138 -0.8766437152
H -0.5238136345 1.4379326443 0.9063972942
-17.17218935239992

dsgdb9nsd_000003
O -0.0343604951 0.9775395708 0.0076015923
H 0.0647664923 0.0205721989 0.0015346341
H 0.8717903737 1.3007924048 0.0006931336
-9.240365577800151

dsgdb9nsd_000005
C -0.0133239314 1.1324657151 0.0082758861
N 0.0023107217 -0.0191585871 0.0019287305
H -0.0278026991 2.1989492963 0.0141537903
-13.088193594800316

dsgdb9nsd_000006
C -0.0139776956 1.1802114286 0.0077524981
O 0.0023139861 -0.0196636557 0.0021610727
H 0.9149602868 1.789511172 0.0039565555
H -0.9591097173 1.7640179751 0.0171828436
-15.557192762400637

dsgdb9nsd_000008
C -0.0082881667 1.3904697792 -0.0056006901
O -0.0079703813 -0.0250453723 0.0203060595
H 1.0065833848 1.8155636589 0.0034833514
H -0.5465747513 1.7991697458 -0.8739012577
H -0.5228887142 1.7255524029 0.8990732632
H 0.4414201887 -0.3335442546 -0.7715205863
-20.862789900200873

dsgdb9nsd_000009
C -0.0178210241 1.4643578827 0.0100939689
C 0.0020881587 0.0095077743 0.0020119979
C 0.018340851 -1.1918051787 -0.0045050842
H 0.9978221 1.8742534891 0.0026060629
H -0.5422043423 1.8580117813 -0.867211921
H -0.5253330614 1.8483435616 0.9014813825
H 0.0323165781 -2.2531482303 -0.0102599871
-29.06561200740031

dsgdb9nsd_000010
C -0.0178862937 1.4671278689 0.0101131129
C 0.0017381887 0.0103525955 0.0020758794
N 0.017652353 -1.1445292595 -0.00420445
H 1.0020294117 1.8608992682 0.0024540105
H -0.5439884752 1.8447990128 -0.8707545998
H -0.5270778345 1.8351816641 0.9048632871
-25.576702356401157

dsgdb9nsd_000011
C -0.0029448212 1.5099136648 0.0086727849
C 0.0260828384 0.0032756259 -0.037459115
O 0.9422880119 -0.6550703513 -0.4568257611
H 0.9227880213 1.926342418 -0.3914655687
H -0.8620154031 1.878524808 -0.5647953841
H -0.1505063787 1.8439338318 1.0428910048
H -0.8944300885 -0.4864340773 0.3577486492
-27.98412212580034

dsgdb9nsd_000012
N -0.0258998583 1.34614561 0.0088939089
C 0.0464672751 -0.0117434132 0.0012042484
O 1.0718352049 -0.6525878165 -0.0111331282
H 0.8253549651 1.8850494841 0.0037376912
H -0.9083767959 1.8267963784 0.018919919
H -0.9614410008 -0.4750037629 0.0080739107
-23.531248629801475

dsgdb9nsd_000017
C 0.0153771978 1.4176438003 0.0095628663
C 1.2647816122 0.6492398384 -0.0065504377
O -0.0002401788 -0.007710059 0.0020405474
H -0.3176332635 1.8858659797 0.9347575102
H -0.3352758293 1.8957667327 -0.9039757823
H 1.8324668196 0.5625684765 -0.9319329026
H 1.8500825819 0.5526793813 0.9068014688
-26.758248555800247

dsgdb9nsd_000023
C 0.680980206 0. 0.
C -0.680980206 0. 0.
C -1.8876660283 0. 0.
C 1.8876660283 0. 0.
H -2.9495999954 0. 0.
H 2.9495999954 0. 0.
-29.176389616800204

dsgdb9nsd_000025
N 0.0174573422 -1.1613421749 -0.0041534236
C 0.0025321236 -0.0034427793 0.0017993915
C -0.0161141932 1.3722098653 0.0093487294
N -0.0326430226 2.5300827589 0.0160909027
-21.422637243799613

dsgdb9nsd_000026
O -0.0677611954 -0.0423383835 0.0028248878
C -0.0056294518 1.1638287916 0.0074386245
C 1.2298527186 1.9133999686 0.0002878123
C 2.2362532244 2.5743097025 -0.0052927696
H -0.9167070054 1.7946754562 0.0178135153
H 3.1342966196 3.1437026746 -0.0103765604
-27.733586766000244

dsgdb9nsd_000027
O -0.0405597774 -0.0379914394 0.0026651264
C -0.0176887026 1.1619325108 0.0074600778
C 1.2331553409 1.9338133573 0.0004337145
N 2.1985737832 2.5705509697 -0.0048332038
H -0.9262753441 1.7895919616 0.017648585
-23.935174651399446

dsgdb9nsd_000028
O 0.0033712246 -0.0314658631 0.0015720628
C -0.0171317373 1.1708140858 0.0067644382
C 1.2655578297 1.9971940991 -0.0000770322
O 1.2450706894 3.1994658927 0.0068127529
H -0.9469048284 1.7767814241 0.0185266798
H 2.195344102 1.3912137414 -0.0100673915
-26.54572752180085

dsgdb9nsd_000034
O -0.0373822079 1.4454784061 0.0101076874
C 0.0129290637 0.0344166065 0.0020916516
C -1.3574745154 -0.4887452337 0.0123973841
N -2.4213527733 -0.9368518434 0.0201605291
H 0.8689805678 1.769729488 0.0041757666
H 0.5169271342 -0.3632979035 -0.8921581397
H 0.5338761608 -0.37278749 0.8822392109
-29.224581006199955

dsgdb9nsd_000109
N -0.0588543735 -1.1708518761 -0.0037222375
C -0.012816536 -0.0181007567 0.0021770507
C 0.0120243879 1.4472360505 0.0097236088
C 1.3709445795 1.9959873418 -0.0003009637
N 2.4302450877 2.4529451338 -0.0079547175
H -0.534209601 1.8214094564 -0.8640736576
H -0.5174253046 1.8120306503 0.8977007868
-33.635358466400696

dsgdb9nsd_000171
O -0.0140710953 1.3173135051 0.0093144316
C 1.2570254917 1.7002859793 -0.0008207948
C 2.0502071703 0.5996642575 -0.0143590676
N 1.2049691483 -0.4873193738 -0.0121534148
N 0.0049878097 -0.1217753109 0.001418111
H 1.4553239971 2.7596429331 0.0029861861
H 3.1210842982 0.4964388897 -0.0251924416
-30.170258790399046

dsgdb9nsd_000173
O -0.0517957419 1.3654245692 0.0098607314
C 1.2587582787 1.7112384067 -0.0008437355
N 2.055711433 0.6988559559 -0.0139385651
N 1.2307899583 -0.4348435208 -0.0119346405
C 0.0223452333 0.0120230913 0.0020534171
H 1.5043063316 2.7603271117 0.0023186853
H -0.900309253 -0.544361994 0.0079967872
-30.996560162801

dsgdb9nsd_000174
O -0.024923526 1.3239640631 0.0095330834
C 1.2540324794 1.6470814639 -0.0011207866
N 2.0560129184 0.6280513156 -0.0141689357
N 1.1946555035 -0.4534118336 -0.0118337279
N -0.0044322565 -0.1103432447 0.0014179993
H 1.5256021011 2.6908541558 0.0019673375
-24.832252875200588

dsgdb9nsd_000175
O 0.0455888293 1.3688790424 0.0089791375
N 1.3304858002 1.8303194434 -0.0008738698
C 2.0834812065 0.764778918 -0.0138352169
C 1.248123233 -0.383813982 -0.0119726118
N 0.0024443094 0.0043014193 0.0020848805
H 3.1591975737 0.8420128499 -0.0237510797
H 1.5060485479 -1.4310188809 -0.0200653798
-29.69699812160134

dsgdb9nsd_000177
O -0.0791747539 1.253174839 0.0095115243
N 1.2113477831 1.7130597251 -0.0002381434
N 1.9737032474 0.7238608721 -0.012951144
N 1.1941825062 -0.4418473051 -0.0117691278
N -0.0112064429 -0.115164371 0.001574191
-18.547099760199018

dsgdb9nsd_000184
F 0.0010921821 0.0735451051 0.0024996288
C -0.0168887554 1.3947684349 0.009692655
F 1.2227713731 1.8522134169 0.0003138912
F -0.6559701536 1.8325027456 -1.0609125843
F -0.6354026161 1.8208575876 1.0969063093
-20.76727788620072

dsgdb9nsd_000322
O -0.0258399853 -0.0760558801 0.0033219103
C 0.0007790538 1.1312141534 0.0063253158
C 1.2003568631 1.9254440393 0.0000999413
C 2.20041064 2.5945401367 -0.0050200553
C -1.2435554559 1.9207466659 0.0178834292
N -2.2238647748 2.5336202073 0.026957752
H 3.087702769 3.1812986775 -0.0093714633
-36.06381264800091

dsgdb9nsd_000323
O 0.0029355305 -0.0651970155 0.0027724031
C -0.0133825672 1.13617766 0.0066838599
C 1.2043551853 1.9484701259 0.0005879903
N 2.1698535337 2.5842697159 -0.0042705309
C -1.2527321226 1.9150408255 0.0179336562
N -2.2351431619 2.5243365681 0.0268262514
-32.11851339619896

dsgdb9nsd_000325
O -0.0778584476 0.0061914019 0.0012399297
C -0.0168409457 1.1998604542 0.0068937211
C 1.3535897273 1.9244098993 -0.0005511999
O 2.4014142225 1.3416108415 -0.0120739854
C 1.2551732794 3.3946973412 0.0078618064
N 1.1141053667 4.5427521793 0.0149400431
H -0.9035942427 1.8662530427 0.017607225
-34.7284404044004

dsgdb9nsd_000485
C 0.0535445759 -3.7570887492 -0.0177016325
C 0.036918803 -2.5490683086 -0.0114142221
C 0.0183070577 -1.1959868937 -0.0044995618
C 0.0019101197 0.0185006003 0.0021111505
C -0.0168370753 1.3780303615 0.0091608428
N -0.0327310734 2.541117714 0.0157569983
H 0.0689238124 -4.8196895142 -0.0223443053
-37.93005209419985

dsgdb9nsd_000486
C 0.605438995 0. 0.
C -0.605438995 0. 0.
C -1.9675982265 0. 0.
C 1.9675982265 0. 0.
N -3.1294921384 0. 0.
N 3.1294921384 0. 0.
-33.96380006439899

dsgdb9nsd_000491
O -0.0719533853 -0.0379361938 0.0028513131
C -0.0215313448 1.1670016747 0.0078409989
C 1.2232543685 1.9101438726 0.0001674466
C 2.2521635785 2.5468166494 -0.0060278744
C 3.4132077427 3.2640117017 -0.0129876955
N 4.3994823163 3.8772270399 -0.0187815801
H -0.928041076 1.8011754155 0.0187216415
-36.35108339779952

dsgdb9nsd_000777
O -0.0233042729 -0.0429492991 0.0031966073
C -0.0174936907 1.1503658658 0.0096630126
N -1.0598177369 2.0604223904 0.0286019038
N -0.6069342387 3.3278243252 0.0292856144
N 0.6429049992 3.3142306992 0.0126586401
O 1.0851635204 1.9727190143 -0.0007666063
H -2.0466916204 1.8645117442 0.040824288
-29.751747458400775

dsgdb9nsd_000779
O 0.0024957938 -0.0348153442 0.0028855672
C -0.013512517 1.1460053332 0.0093742933
O -1.1162131588 1.9645379792 0.0279551639
N -0.6608489117 3.2764220761 0.0292293772
N 0.5758330091 3.2932732442 0.0130647618
O 1.0665936346 1.9942817915 -0.0000183935
-26.277477540599076

dsgdb9nsd_000827
F 0.0122093761 0.0626247576 -0.0175099249
C -0.0127396916 1.3918580813 0.002341977
F 1.2368870287 1.8454218979 -0.0196956891
F -0.6462353118 1.8257602126 -1.0831162906
C -0.7075608121 1.8707567954 1.2240335492
N -1.2467816894 2.2424435252 2.1721773384
-27.60479520980136

dsgdb9nsd_000828
F 0.0369043981 0.0548354636 -0.0612086596
C -0.0173288099 1.3744882752 0.010797821
F 1.2278166719 1.8680415757 0.0004056986
F -0.6590561561 1.8486380694 -1.0650521204
C -0.7415317284 1.8573015126 1.2845273819
O -1.1923510992 1.1058102745 2.0969009016
H -0.7943440464 2.9621361889 1.3580632169
-30.323975989002285

dsgdb9nsd_003827
N 0.0461718643 -1.1357474523 -0.0045065423
C -0.0045713762 0.018209309 0.002745139
C -0.0488001393 1.4372906047 0.0114251983
N -1.1481198182 2.1455918499 0.0297882491
O -0.7248334686 3.4144961149 0.0315185318
N 0.6829462596 3.4319886433 0.0132719279
N 1.0784015583 2.2445317206 0.0013360062
-32.610849256399554
