mol1
C -0.0126981359 1.0858041578 0.0080009958
H 0.002150416 -0.0060313176 0.0019761204
H 1.0117308433 1.4637511618 0.0002765748
H -0.540815069 1.4475266138 -0.8766437152
H -0.5238136345 1.4379326443 0.9063972942

mol2
N -0.0404260543 1.0241077531 0.0625637998
H 0.0172574639 0.0125452063 -0.0273771593
H 0.9157893661 1.3587451948 -0.0287577581
H -0.5202777357 1.3435321258 -0.7755426124

mol3
O -0.0343604951 0.9775395708 0.0076015923
H 0.0647664923 0.0205721989 0.0015346341
H 0.8717903737 1.3007924048 0.0006931336

mol4
C 0.5995394918 0. 1.
C -0.5995394918 0. 1.
H -1.6616385861 0. 1.
H 1.6616385861 0. 1.

mol5
C -0.0133239314 1.1324657151 0.0082758861
N 0.0023107217 -0.0191585871 0.0019287305
H -0.0278026991 2.1989492963 0.0141537903

mol6
C -0.0139776956 1.1802114286 0.0077524981
O 0.0023139861 -0.0196636557 0.0021610727
H 0.9149602868 1.789511172 0.0039565555
H -0.9591097173 1.7640179751 0.0171828436

mol7
C -0.0187040036 1.5255820146 0.0104328082
C 0.0021037439 -0.0038819102 0.0019988214
H 0.9948727479 1.9397432357 0.0029412016
H -0.5420761069 1.9236106317 -0.8651173523
H -0.5252411248 1.9141730785 0.9000239916
H 0.5254865372 -0.4019078419 0.8775439536
H -1.0114765071 -0.4180337979 0.0095084879
H 0.5086261934 -0.3924704005 -0.8876011721

mol8
C -0.0082881667 1.3904697792 -0.0056006901
O -0.0079703813 -0.0250453723 0.0203060595
H 1.0065833848 1.8155636589 0.0034833514
H -0.5465747513 1.7991697458 -0.8739012577
H -0.5228887142 1.7255524029 0.8990732632
H 0.4414201887 -0.3335442546 -0.7715205863

mol9
C -0.0178210241 1.4643578827 0.0100939689
C 0.0020881587 0.0095077743 0.0020119979
C 0.018340851 -1.1918051787 -0.0045050842
H 0.9978221 1.8742534891 0.0026060629
H -0.5422043423 1.8580117813 -0.867211921
H -0.5253330614 1.8483435616 0.9014813825
H 0.0323165781 -2.2531482303 -0.0102599871

mol10
C -0.0178862937 1.4671278689 0.0101131129
C 0.0017381887 0.0103525955 0.0020758794
N 0.017652353 -1.1445292595 -0.00420445
H 1.0020294117 1.8608992682 0.0024540105
H -0.5439884752 1.8447990128 -0.8707545998
H -0.5270778345 1.8351816641 0.9048632871
